2014-07-25,700,2038,2738,23593,39668,63261
2014-07-28,622,608,1230,23645,39731,63376
2014-07-29,934,961,1895,23808,39983,63791
2014-07-30,4224,5355,9579,25432,41420,66852
2014-07-31,1721,3456,5177,26045,41925,67970
2014-08-01,3017,3376,6393,27312,43379,70691
2014-08-04,1192,2528,3720,27730,44190,71920
2014-08-05,1928,7953,9881,27919,47896,75815
2014-08-06,3078,3664,6742,28646,48605,77251
2014-08-07,3384,4113,7497,29232,48327,77559
2014-08-08,2822,4286,7108,19485,35093,54578
2014-08-11,1237,1983,3220,19948,35907,55855
2014-08-12,954,1472,2426,20221,36254,56475
2014-08-13,1116,1456,2572,20639,36659,57298
2014-08-14,1026,1485,2511,21278,36407,57685
2014-08-15,2130,1654,3784,21951,36868,58819
2014-08-18,668,1166,1834,22045,37071,59116
2014-08-19,1339,1293,2632,22603,37568,60171
2014-08-20,1202,1018,2220,23015,37899,60914
2014-08-21,1184,1635,2819,23542,38558,62100
2014-08-22,1148,2293,3441,24114,40246,64360
2014-08-25,1015,1097,2112,24126,40840,64966
2014-08-26,1117,1497,2614,24749,41614,66363
2014-08-27,504,1783,2287,24745,42188,66933
2014-08-28,1115,1615,2730,24622,42676,67298
2014-08-29,960,2249,3209,25006,43445,68451
2014-09-02,1884,4239,6123,25479,45685,71164
2014-09-03,1843,2078,3921,25689,46636,72325
2014-09-04,4684,14507,19191,27421,54681,82102
2014-09-05,2615,7205,9820,17018,34101,51119
2014-09-08,2173,5773,7946,17775,37039,54814
2014-09-09,3792,8603,12395,18968,40531,59499
2014-09-10,8822,6564,15386,22830,42288,65118
2014-09-11,5663,5993,11656,24908,43331,68239
2014-09-12,3941,4978,8919,26729,43334,70063
2014-09-15,3442,5768,9210,27999,45249,73248
2014-09-16,2407,3862,6269,28788,46226,75014
2014-09-17,3749,4514,8263,30746,47842,78588
2014-09-18,3299,2967,6266,30969,49048,80017
2014-09-19,4215,2457,6672,32156,49523,81679
2014-09-22,5016,5846,10862,34190,51969,86159
2014-09-23,3516,3024,6540,35936,52901,88837
2014-09-24,2073,1789,3862,37075,53713,90788
2014-09-25,5531,5062,10593,40117,55647,95764
2014-09-26,2814,4720,7534,41563,56682,98245
2014-09-29,3924,3895,7819,43580,57746,101326
2014-09-30,2505,3599,6104,44763,57812,102575
2014-10-01,4341,10175,14516,46944,61698,108642
2014-10-02,3464,2090,5554,48296,61595,109891
2014-10-03,3301,5686,8987,33019,41339,74358
2014-10-06,2397,1409,3806,33864,41465,75329
2014-10-07,1722,1394,3116,34325,41864,76189
2014-10-08,891,1246,2137,34448,42103,76551
2014-10-09,2822,3923,6745,35186,43661,78847
2014-10-10,1723,3400,5123,35393,45378,80771
2014-10-13,1273,1460,2733,35521,45898,81419
2014-10-14,2073,1590,3663,36470,46626,83096
2014-10-15,1991,2253,4244,36979,47213,84192
2014-10-16,1091,1719,2810,37217,47949,85166
2014-10-17,1431,1005,2436,37851,48303,86154
2014-10-20,482,463,945,38002,48379,86381
2014-10-21,2028,1825,3853,38716,49356,88072
2014-10-22,1292,1952,3244,39270,50035,89305
2014-10-23,831,1444,2275,39384,50601,89985
2014-10-24,2077,7558,9635,40535,52357,92892
2014-10-27,1859,1856,3715,40892,52525,93417
2014-10-28,1343,3495,4838,41320,52987,94307
2014-10-29,3070,4149,7219,42340,54151,96491
2014-10-30,1853,3149,5002,42907,55033,97940
2014-10-31,1136,1466,2602,43423,55430,98853
2014-11-03,3382,4138,7520,44576,56605,101181
2014-11-04,2829,2401,5230,45703,57307,103010
2014-11-05,6115,11182,17297,48779,58365,107144
2014-11-06,4389,8912,13301,50266,59199,109465
2014-11-07,5775,4840,10615,33325,42737,76062
2014-11-10,2417,2154,4571,33486,42796,76282
2014-11-11,2144,1557,3701,33939,43512,77451
2014-11-12,2203,5055,7258,34386,45001,79387
2014-11-13,1971,1853,3824,34798,45938,80736
2014-11-14,1356,2688,4044,34733,46656,81389
2014-11-17,1098,846,1944,35298,46953,82251
2014-11-18,1289,619,1908,36075,47340,83415
2014-11-19,1500,1458,2958,36296,47633,83929
2014-11-20,2206,1785,3991,37319,48207,85526
2014-11-21,1550,1348,2898,37399,48442,85841
2014-11-24,1387,1533,2920,37996,48909,86905
2014-11-25,2339,1353,3692,38734,48555,87289
2014-11-26,6110,9408,15518,40330,49327,89657
2014-11-28,2332,3182,5514,40992,50740,91732
2014-12-01,2666,2966,5632,42295,51513,93808
2014-12-02,2610,3166,5776,43682,51211,94893
2014-12-03,4763,5333,10096,46151,52629,98780
2014-12-04,2761,3787,6548,47391,52583,99974
2014-12-05,3561,5866,9427,20167,26395,46562
2014-12-08,1614,1474,3088,20831,27134,47965
2014-12-09,1712,3323,5035,21721,28943,50664
2014-12-10,1009,900,1909,22257,29197,51454
2014-12-11,1785,1498,3283,22768,29679,52447
2014-12-12,893,987,1880,22987,29885,52872
2014-12-15,1933,1125,3058,24014,30302,54316
2014-12-16,801,2398,3199,24409,30253,54662
2014-12-17,1533,3474,5007,24862,30704,55566
2014-12-18,1122,2752,3874,25370,31214,56584
2014-12-19,3908,1852,5760,27020,32258,59278
2014-12-22,1483,535,2018,27056,32323,59379
2014-12-23,1767,2844,4611,27475,33740,61215
2014-12-24,277,654,931,27552,34005,61557
2014-12-26,759,578,1337,27908,34155,62063
2014-12-29,1167,1493,2660,28473,34819,63292
2014-12-30,1871,2908,4779,29341,36424,65765
2014-12-31,1084,432,1516,29923,36429,66352
2015-01-02,1665,3349,5014,30916,37603,68519
2015-01-05,2339,4857,7196,31655,38613,70268
2015-01-06,1464,3257,4721,32208,38635,70843
2015-01-07,4366,5687,10053,33016,40269,73285
2015-01-08,4004,2673,6677,34658,41328,75986
2015-01-09,3460,3212,6672,21262,27721,48983
2015-01-12,2601,3543,6144,22697,29456,52153
2015-01-13,916,1102,2018,23050,29997,53047
2015-01-14,1709,5448,7157,23712,34523,58235
2015-01-15,2719,2449,5168,24389,34211,58600
2015-01-16,1107,1005,2112,24588,34440,59028
2015-01-20,1477,1005,2482,25147,34789,59936
2015-01-21,2431,2011,4442,25961,35500,61461
2015-01-22,1719,2193,3912,26782,36470,63252
2015-01-23,3590,3116,6706,28104,37220,65324
2015-01-26,1073,915,1988,28443,37618,66061
2015-01-27,1007,1324,2331,29002,38177,67179
2015-01-28,847,1691,2538,29300,38969,68269
2015-01-29,4040,6486,10526,31306,41279,72585
2015-01-30,3063,3796,6859,33104,43138,76242
2015-02-02,2210,8934,11144,33986,48089,82075
2015-02-03,5548,6325,11873,35825,49420,85245
2015-02-04,1766,4970,6736,36507,48065,84572
2015-02-05,1481,2681,4162,36980,48683,85663
2015-02-06,3200,5261,8461,27876,38199,66075
2015-02-09,1186,1807,2993,28433,39266,67699
2015-02-10,1815,520,2335,29253,39495,68748
2015-02-11,1612,4509,6121,29700,42660,72360
2015-02-12,2010,1716,3726,30806,43470,74276
2015-02-13,614,701,1315,31121,43597,74718
2015-02-17,2157,2387,4544,31860,44361,76221
2015-02-18,1654,1331,2985,31862,44770,76632
2015-02-19,948,1652,2600,32201,45566,77767
2015-02-20,2143,2920,5063,32510,46525,79035
2015-02-23,1001,944,1945,33318,46829,80147
2015-02-24,1178,1683,2861,33869,47094,80963
2015-02-25,3210,2943,6153,35470,48804,84274
2015-02-26,2393,3373,5766,36247,49771,86018
2015-02-27,2076,2480,4556,37372,51012,88384
2015-03-02,1610,4872,6482,38264,52985,91249
2015-03-03,1927,4649,6576,38982,54937,93919
2015-03-04,2489,2015,4504,40301,55080,95381
2015-03-05,1693,3215,4908,40783,55962,96745
2015-03-06,3752,6247,9999,18832,26580,45412
2015-03-09,726,691,1417,19122,26819,45941
2015-03-10,3067,2352,5419,21103,26742,47845
2015-03-11,4880,1479,6359,23342,27128,50470
2015-03-12,1448,2632,4080,23814,27961,51775
2015-03-13,2614,3612,6226,23490,28170,51660
2015-03-16,959,1485,2444,23907,28101,52008
2015-03-17,1093,1220,2313,24135,28486,52621
2015-03-18,4556,3370,7926,25968,30080,56048
2015-03-19,1883,1778,3661,26302,30239,56541
2015-03-20,4734,4959,9693,28809,32742,61551
2015-03-23,4335,4707,9042,28572,34312,62884
2015-03-24,2106,3048,5154,29058,35749,64807
2015-03-25,1380,2038,3418,29494,36816,66310
2015-03-26,1639,1032,2671,30093,36862,66955
2015-03-27,2325,3375,5700,31497,38137,69634
2015-03-30,3372,5142,8514,32632,38640,71272
2015-03-31,1900,3721,5621,33523,39268,72791
2015-04-01,1604,6810,8414,33453,41778,75231
2015-04-02,4288,4371,8659,25714,30373,56087
2015-04-03,1151,207,1358,25930,30415,56345
2015-04-06,1154,2917,4071,26408,30211,56619
2015-04-07,2596,1866,4462,27655,30732,58387
2015-04-08,1405,916,2321,28070,31078,59148
2015-04-09,1151,2731,3882,28850,31017,59867
2015-04-10,2102,2298,4400,29617,31895,61512
2015-04-13,2536,1478,4014,30845,32501,63346
2015-04-14,2265,2064,4329,32014,32891,64905
2015-04-15,1360,1834,3194,32471,33666,66137
2015-04-16,3342,2882,6224,33436,34247,67683
2015-04-17,1191,1711,2902,33782,34430,68212
2015-04-20,1284,1420,2704,33870,34880,68750
2015-04-21,2513,1485,3998,34814,35319,70133
2015-04-22,1391,1234,2625,35623,35778,71401
2015-04-23,1475,1726,3201,36078,36587,72665
2015-04-24,1891,754,2645,36781,36741,73522
2015-04-27,1258,2177,3435,37044,36749,73793
2015-04-28,5675,3872,9547,38670,37967,76637
2015-04-29,4932,7778,12710,39953,42898,82851
2015-04-30,3535,4416,7951,41152,44724,85876
2015-05-01,2061,3713,5774,41546,45766,87312
2015-05-04,1841,2621,4462,42021,46748,88769
2015-05-05,2935,3406,6341,42492,47674,90166
2015-05-06,3044,4019,7063,42076,48861,90937
2015-05-07,2425,4199,6624,42305,49518,91823
2015-05-08,4359,5334,9693,27281,31940,59221
2015-05-11,1944,2738,4682,27712,32913,60625
2015-05-12,1477,2607,4084,27851,33546,61397
2015-05-13,2576,5713,8289,28238,35243,63481
2015-05-14,2190,2959,5149,28548,36799,65347
2015-05-15,1015,1612,2627,28722,37572,66294
2015-05-18,1078,1296,2374,29332,37619,66951
2015-05-19,1758,2055,3813,30132,38008,68140
2015-05-20,3538,2106,5644,30498,38403,68901
2015-05-21,1097,1139,2236,30991,38996,69987
2015-05-22,1826,5467,7293,31360,41661,73021
2015-05-26,1842,2809,4651,31759,41601,73360
2015-05-27,2721,3252,5973,33197,42168,75365
2015-05-28,3519,3677,7196,34933,42794,77727
2015-05-29,1491,6020,7511,35292,44334,79626
2015-06-01,2631,2949,5580,36415,45115,81530
2015-06-02,5799,4253,10052,38169,46563,84732
2015-06-03,1649,3339,4988,38383,47907,86290
2015-06-04,2107,2826,4933,38322,48000,86322
2015-06-05,2941,4565,7506,18874,25657,44531
2015-06-08,2033,1306,3339,19800,26220,46020
2015-06-09,1532,4063,5595,20520,26733,47253
2015-06-10,2517,1579,4096,21408,27308,48716
2015-06-11,749,653,1402,21542,27333,48875
2015-06-12,848,1961,2809,21822,28287,50109
2015-06-15,354,1266,1620,21980,28759,50739
2015-06-16,825,849,1674,22351,28852,51203
2015-06-17,1436,1705,3141,22396,28811,51207
2015-06-18,2554,2993,5547,23799,30136,53935
2015-06-19,1541,1292,2833,24332,30608,54940
2015-06-22,1117,1547,2664,24531,31019,55550
2015-06-23,1695,2404,4099,25150,32350,57500
2015-06-24,1534,1501,3035,25202,32517,57719
2015-06-25,375,295,670,25298,32513,57811
2015-06-26,1287,3668,4955,25811,33396,59207
2015-06-29,1168,1502,2670,26340,33563,59903
2015-06-30,676,814,1490,26288,33892,60180
2015-07-01,2529,2186,4715,27409,34592,62001
2015-07-02,4914,4880,9794,17048,21493,38541
2015-07-06,5423,3906,9329,19457,23487,42944
2015-07-07,2340,3548,5888,20281,24456,44737
2015-07-08,1335,1489,2824,20723,24964,45687
2015-07-09,1793,983,2776,21583,25341,46924
2015-07-10,2729,3861,6590,22446,25266,47712
2015-07-13,875,937,1812,22613,25293,47906
2015-07-14,1051,1419,2470,23006,25925,48931
2015-07-15,2106,1064,3170,23782,26213,49995
2015-07-16,2316,1353,3669,25289,26851,52140
2015-07-17,1612,1511,3123,26111,27048,53159
2015-07-20,1092,1605,2697,26593,28006,54599
2015-07-21,2210,2288,4498,27777,29072,56849
2015-07-22,1767,1927,3694,28177,29631,57808
2015-07-23,1933,1091,3024,28926,30045,58971
2015-07-24,4229,3948,8177,30275,30822,61097
2015-07-27,1566,4935,6501,30668,34741,65409
2015-07-28,1934,16304,18238,31835,49442,81277
2015-07-29,1745,1974,3719,32705,51562,84267
2015-07-30,1882,1765,3647,32780,50002,82782
2015-07-31,2482,1856,4338,33839,50446,84285
2015-08-03,1253,1673,2926,34587,50646,85233
2015-08-04,5925,4653,10578,36662,51782,88444
2015-08-05,3172,3445,6617,37924,53376,91300
2015-08-06,3137,2892,6029,39432,54495,93927
2015-08-07,7174,4839,12013,24738,25183,49921
2015-08-10,2497,1907,4404,25663,25398,51061
2015-08-11,2875,4129,7004,26370,26498,52868
2015-08-12,4574,1531,6105,28092,26616,54708
2015-08-13,1655,1779,3434,28430,27360,55790
2015-08-14,893,567,1460,28784,27540,56324
2015-08-17,947,426,1373,29111,27691,56802
2015-08-18,1282,858,2140,29527,27857,57384
2015-08-19,1064,1028,2092,29992,28304,58296
2015-08-20,1526,1192,2718,30518,28724,59242
2015-08-21,2381,1481,3862,31193,29262,60455
2015-08-24,3115,2774,5889,31937,29226,61163
2015-08-25,1874,1594,3468,32300,29458,61758
2015-08-26,1688,1286,2974,32676,29844,62520
2015-08-27,2260,1770,4030,33577,30259,63836
2015-08-28,2100,2504,4604,34698,31118,65816
2015-08-31,3052,1717,4769,36642,31459,68101
2015-09-01,3042,2875,5917,37863,31946,69809
2015-09-02,2320,3319,5639,39024,31892,70916
2015-09-03,6491,3012,9503,43062,32808,75870
2015-09-04,3403,5592,8995,23852,16512,40364
2015-09-08,3694,2190,5884,25584,17588,43172
2015-09-09,1200,1514,2714,26029,18283,44312
2015-09-10,22920,3977,26897,44617,20273,64890
2015-09-11,2883,870,3753,45936,20589,66525
2015-09-14,1876,949,2825,46888,20879,67767
2015-09-15,1684,586,2270,47384,20916,68300
2015-09-16,2367,1328,3695,48200,21080,69280
2015-09-17,9343,1369,10712,54720,21630,76350
2015-09-18,2110,1380,3490,55188,22037,77225
2015-09-21,752,1297,2049,57300,22344,79644
2015-09-22,1208,2027,3235,55559,23236,78795
2015-09-23,1783,2001,3784,56391,23960,80351
2015-09-24,2466,1386,3852,56903,24200,81103
2015-09-25,740,678,1418,57142,24654,81796
2015-09-28,777,877,1654,57395,24851,82246
2015-09-29,2256,987,3243,57815,25232,83047
2015-09-30,1520,1012,2532,58289,25336,83625
2015-10-01,2171,1207,3378,59413,25500,84913
2015-10-02,1455,1137,2592,59557,25735,85292
2015-10-05,1614,1242,2856,59901,25975,85876
2015-10-06,2451,1272,3723,61085,26317,87402
2015-10-07,3893,2053,5946,61823,27101,88924
2015-10-08,3830,2848,6678,62701,28269,90970
2015-10-09,7895,5140,13035,45187,18327,63514
2015-10-12,2886,1376,4262,46516,18908,65424
2015-10-13,1465,2653,4118,46875,20057,66932
2015-10-14,1843,5083,6926,47873,23509,71382
2015-10-15,1065,2574,3639,48083,24076,72159
2015-10-16,833,1211,2044,48563,24753,73316
2015-10-19,656,626,1282,48816,24960,73776
2015-10-20,859,447,1306,49164,25018,74182
2015-10-21,1353,1069,2422,49755,25185,74940
2015-10-22,1035,905,1940,50036,25325,75361
2015-10-23,1216,1304,2520,50417,25875,76292
2015-10-26,456,318,774,50594,26006,76600
2015-10-27,899,1127,2026,50699,26055,76754
2015-10-28,2794,2246,5040,51138,26651,77789
2015-10-29,4659,3722,8381,54789,28922,83711
2015-10-30,3033,2093,5126,56046,29946,85992
2015-11-02,2646,3893,6539,57517,31877,89394
2015-11-03,1959,1064,3023,57925,32025,89950
2015-11-04,2823,3118,5941,58598,33654,92252
2015-11-05,2348,2816,5164,59306,34320,93626
2015-11-06,2403,11737,14140,44512,24736,69248
2015-11-09,1849,1696,3545,45280,25253,70533
2015-11-10,1810,1307,3117,45839,25970,71809
2015-11-11,1249,370,1619,46317,26110,72427
2015-11-12,2804,2192,4996,47333,26897,74230
2015-11-13,1288,1575,2863,47624,27666,75290
2015-11-16,1717,1147,2864,47827,28187,76014
2015-11-17,1017,613,1630,47826,28080,75906
2015-11-18,1411,694,2105,47791,28194,75985
2015-11-19,3666,2479,6145,49236,28758,77994
2015-11-20,5444,1719,7163,52654,29336,81990
2015-11-23,943,1884,2827,52814,29201,82015
2015-11-24,890,1379,2269,52998,29564,82562
2015-11-25,987,1486,2473,53268,30328,83596
2015-11-27,2278,2207,4485,53014,30483,83497
2015-11-30,1426,2623,4049,53398,30716,84114
2015-12-01,2734,3648,6382,53854,30266,84120
2015-12-02,1170,1483,2653,54195,30522,84717
2015-12-03,2886,2932,5818,54738,31684,86422
2015-12-04,4462,4818,9280,18590,13284,31874
2015-12-07,2560,2099,4659,19779,13981,33760
2015-12-08,2357,3407,5764,20717,15150,35867
2015-12-09,1633,2361,3994,21085,16446,37531
2015-12-10,2196,2463,4659,21800,16925,38725
2015-12-11,2164,5559,7723,22235,19875,42110
2015-12-14,987,979,1966,22468,20534,43002
2015-12-15,920,1529,2449,22701,20722,43423
2015-12-16,1380,1315,2695,22849,20951,43800
2015-12-17,1823,3260,5083,23292,20601,43893
2015-12-18,1254,2049,3303,23673,20500,44173
2015-12-21,772,1253,2025,23994,20467,44461
2015-12-22,641,823,1464,24297,20781,45078
2015-12-23,815,727,1542,24528,20729,45257
2015-12-24,151,364,515,24518,20751,45269
2015-12-28,422,607,1029,24553,20875,45428
2015-12-29,1217,717,1934,24993,20902,45895
2015-12-30,817,965,1782,25220,21109,46329
2015-12-31,1593,1266,2859,25270,21478,46748
2016-01-04,3873,2613,6486,27468,22193,49661
2016-01-05,3491,4296,7787,29736,23660,53396
2016-01-06,4408,4268,8676,32159,24792,56951
2016-01-07,4165,4741,8906,33564,25747,59311
2016-01-08,3963,13581,17544,25424,25553,50977
2016-01-11,1620,3230,4850,26022,26088,52110
2016-01-12,2718,4049,6767,27516,27573,55089
2016-01-13,1873,1926,3799,28322,28046,56368
2016-01-14,1902,1941,3843,28999,28754,57753
2016-01-15,5874,5273,11147,30019,28118,58137
2016-01-19,2547,4608,7155,31408,28288,59696
2016-01-20,2168,2253,4421,32269,28486,60755
2016-01-21,2320,10857,13177,32984,27273,60257
2016-01-22,1552,7595,9147,33551,32416,65967
2016-01-25,1049,1614,2663,33843,32250,66093
2016-01-26,1492,2378,3870,34495,32183,66678
2016-01-27,2570,2841,5411,35070,32431,67501
2016-01-28,2266,1657,3923,35111,32968,68079
2016-01-29,2023,1977,4000,34901,33558,68459
2016-02-01,3065,2680,5745,35452,33950,69402
2016-02-02,1001,2518,3519,35701,34756,70457
2016-02-03,3315,3284,6599,36359,34481,70840
2016-02-04,3274,4348,7622,36891,35582,72473
2016-02-05,4540,6668,11208,28535,20452,48987
2016-02-08,2339,3729,6068,29431,21474,50905
2016-02-09,2992,3376,6368,30564,22975,53539
2016-02-10,1500,2972,4472,31009,24521,55530
2016-02-11,2236,2898,5134,31909,25967,57876
2016-02-12,1356,1581,2937,32113,26513,58626
2016-02-16,1919,3061,4980,32737,27784,60521
2016-02-17,1258,1749,3007,33119,28030,61149
2016-02-18,1111,1856,2967,33696,28366,62062
2016-02-19,1463,1400,2863,34151,28919,63070
2016-02-22,2469,2348,4817,35227,29667,64894
2016-02-23,869,1214,2083,35404,30117,65521
2016-02-24,957,3925,4882,35707,31479,67186
2016-02-25,1151,744,1895,36102,31514,67616
2016-02-26,3885,4242,8127,37082,32164,69246
2016-02-29,1974,1317,3291,37653,32518,70171
2016-03-01,2548,2128,4676,38479,33409,71888
2016-03-02,4306,8077,12383,39085,38974,78059
2016-03-03,3597,3713,7310,39782,40369,80151
2016-03-04,5331,5277,10608,18929,25278,44207
2016-03-07,2463,2002,4465,19714,25982,45696
2016-03-08,2050,8275,10325,20769,29373,50142
2016-03-09,4217,4567,8784,22030,31381,53411
2016-03-10,2812,2440,5252,22945,32469,55414
2016-03-11,4177,3243,7420,23924,33829,57753
2016-03-14,1947,2206,4153,24454,34900,59354
2016-03-15,766,1626,2392,24610,35452,60062
2016-03-16,1686,1024,2710,24774,35493,60267
2016-03-17,1733,2833,4566,25373,36132,61505
2016-03-18,1075,814,1889,25686,36367,62053
2016-03-21,947,2032,2979,25838,37471,63309
2016-03-22,1226,2061,3287,26393,38307,64700
2016-03-23,1742,5678,7420,27112,41263,68375
2016-03-24,2238,1696,3934,27545,39924,67469
2016-03-28,1006,702,1708,27750,40093,67843
2016-03-29,2129,1223,3352,28194,40058,68252
2016-03-30,1675,1879,3554,28459,40872,69331
2016-03-31,1590,996,2586,29254,41172,70426
2016-04-01,1827,2321,4148,29573,42260,71833
2016-04-04,1274,1751,3025,29754,42552,72306
2016-04-05,2362,3037,5399,30199,43389,73588
2016-04-06,3769,1911,5680,32240,43912,76152
2016-04-07,3483,4783,8266,32927,46144,79071
2016-04-08,3096,3578,6674,22482,24936,47418
2016-04-11,1625,8547,10172,23437,31743,55180
2016-04-12,2537,3002,5539,24327,32952,57279
2016-04-13,1896,1636,3532,25295,33778,59073
2016-04-14,3287,2716,6003,27114,35179,62293
2016-04-15,3881,1406,5287,29107,35833,64940
2016-04-18,952,831,1783,29267,36134,65401
2016-04-19,1939,2627,4566,29774,36906,66680
2016-04-20,2638,3881,6519,31141,39278,70419
2016-04-21,1168,1636,2804,31434,39668,71102
2016-04-22,1169,3135,4304,31550,41584,73134
2016-04-25,896,902,1798,31522,41922,73444
2016-04-26,1070,1907,2977,31834,42982,74816
2016-04-27,4100,5712,9812,33183,45053,78236
2016-04-28,1913,1774,3687,33279,44776,78055
2016-04-29,924,787,1711,33327,44836,78163
2016-05-02,2061,3554,5615,34136,45375,79511
2016-05-03,4500,7441,11941,35398,45495,80893
2016-05-04,3801,3999,7800,36767,46395,83162
2016-05-05,3270,10759,14029,37519,51062,88581
2016-05-06,4995,8019,13014,26250,33448,59698
2016-05-09,2420,2236,4656,27283,34239,61522
2016-05-10,1919,2091,4010,28023,34856,62879
2016-05-11,1789,1811,3600,28588,35423,64011
2016-05-12,1726,2117,3843,29323,36715,66038
2016-05-13,2524,4441,6965,29815,38059,67874
2016-05-16,1018,2148,3166,30115,38734,68849
2016-05-17,1325,2210,3535,30587,39605,70192
2016-05-18,3264,2624,5888,31802,39872,71674
2016-05-19,2732,2797,5529,32711,40361,73072
2016-05-20,1479,1406,2885,33106,40589,73695
2016-05-23,1959,1232,3191,33768,40967,74735
2016-05-24,4639,9485,14124,36157,38731,74888
2016-05-25,2693,1982,4675,36775,39047,75822
2016-05-26,1453,2527,3980,37310,39324,76634
2016-05-27,2654,1901,4555,38260,39755,78015
2016-05-31,3759,2730,6489,40014,40191,80205
2016-06-01,1619,1505,3124,40426,40464,80890
2016-06-02,4227,3828,8055,42011,42089,84100
2016-06-03,7818,6169,13987,22770,19839,42609
2016-06-06,2166,3347,5513,23946,21476,45422
2016-06-07,2308,2734,5042,24596,22564,47160
2016-06-08,2102,5207,7309,25783,25434,51217
2016-06-09,3444,4701,8145,26979,27003,53982
2016-06-10,2661,3316,5977,27868,27977,55845
2016-06-13,2075,2512,4587,28587,29415,58002
2016-06-14,1865,3162,5027,29481,29970,59451
2016-06-15,3224,4733,7957,29961,31521,61482
2016-06-16,3061,7194,10255,29939,30941,60880
2016-06-17,2128,3052,5180,30035,31400,61435
2016-06-20,1589,1788,3377,29732,31218,60950
2016-06-21,760,1055,1815,30032,31249,61281
2016-06-22,486,315,801,30093,31285,61378
2016-06-23,1025,6502,7527,30232,35598,65830
2016-06-24,2131,3545,5676,30656,37104,67760
2016-06-27,2948,3794,6742,31874,37778,69652
2016-06-28,1693,1785,3478,31992,38408,70400
2016-06-29,1603,2182,3785,32173,38515,70688
2016-06-30,2585,3448,6033,33108,39315,72423
2016-07-01,1586,3746,5332,33591,41229,74820
2016-07-05,3649,4201,7850,35166,43114,78280
2016-07-06,911,1160,2071,35303,43196,78499
2016-07-07,1508,3485,4993,35595,44899,80494
2016-07-08,2647,2928,5575,22762,26448,49210
2016-07-11,1706,2763,4469,23594,27220,50814
2016-07-12,2377,2126,4503,24605,27673,52278
2016-07-13,1216,1607,2823,24958,27943,52901
2016-07-14,1314,2116,3430,25122,29171,54293
2016-07-15,1761,2677,4438,25917,30210,56127
2016-07-18,2221,1443,3664,26986,30525,57511
2016-07-19,2843,1658,4501,28254,30606,58860
2016-07-20,1434,1148,2582,29065,30973,60038
2016-07-21,1196,1339,2535,29377,31342,60719
2016-07-22,1037,1710,2747,29477,31618,61095
2016-07-25,733,1583,2316,29615,32555,62170
2016-07-26,2805,2579,5384,30969,33654,64623
2016-07-27,2498,2664,5162,32439,34756,67195
2016-07-28,1081,915,1996,32409,34621,67030
2016-07-29,2186,2206,4392,32382,35007,67389
2016-08-01,2228,2514,4742,33011,35694,68705
2016-08-02,1362,2272,3634,32980,36808,69788
2016-08-03,751,1238,1989,32911,36732,69643
2016-08-04,878,2127,3005,32844,36986,69830
2016-08-05,2572,3122,5694,24442,26036,50478
2016-08-08,816,1402,2218,24808,26664,51472
2016-08-09,1410,1774,3184,24944,27652,52596
2016-08-10,3575,5509,9084,26366,29657,56023
2016-08-11,1259,1709,2968,26494,30225,56719
2016-08-12,928,3110,4038,26371,31741,58112
2016-08-15,555,1888,2443,26561,32046,58607
2016-08-16,1806,1564,3370,27479,32588,60067
2016-08-17,4192,2677,6869,28695,33429,62124
2016-08-18,1903,2613,4516,29193,34345,63538
2016-08-19,1299,2863,4162,29300,34738,64038
2016-08-22,1197,619,1816,29406,34873,64279
2016-08-23,1497,1983,3480,29487,35454,64941
2016-08-24,1268,1812,3080,29909,36178,66087
2016-08-25,1049,1056,2105,30210,36525,66735
2016-08-26,2031,4498,6529,30741,37204,67945
2016-08-29,1069,1494,2563,30947,37300,68247
2016-08-30,2159,3586,5745,31351,38216,69567
2016-08-31,1753,1138,2891,31597,38045,69642
2016-09-01,2905,7775,10680,32931,43078,76009
2016-09-02,1442,1551,2993,32966,43121,76087
2016-09-06,4538,3760,8298,33672,43954,77626
2016-09-07,1082,1718,2800,34201,44967,79168
2016-09-08,2183,4125,6308,34627,46040,80667
2016-09-09,3804,4215,8019,19383,25186,44569
2016-09-12,6747,8041,14788,23080,27052,50132
2016-09-13,4178,10118,14296,24842,31955,56797
2016-09-14,1748,2631,4379,25867,32761,58628
2016-09-15,2054,3863,5917,25942,34410,60352
2016-09-16,2245,3153,5398,26515,35761,62276
2016-09-19,2437,2629,5066,27677,36737,64414
2016-09-20,636,780,1416,27854,36937,64791
2016-09-21,1655,7212,8867,27940,40621,68561
2016-09-22,2043,6296,8339,28255,41679,69934
2016-09-23,1739,2917,4656,29102,43679,72781
2016-09-26,704,1147,1851,29301,44046,73347
2016-09-27,1469,3007,4476,29499,44901,74400
2016-09-28,1518,6534,8052,29980,47892,77872
2016-09-29,3508,6331,9839,31612,48733,80345
2016-09-30,1377,2415,3792,31995,49336,81331
2016-10-03,1299,1548,2847,32731,49648,82379
2016-10-04,2359,5764,8123,33877,53472,87349
2016-10-05,1948,4156,6104,33899,54784,88683
2016-10-06,1830,3642,5472,34157,54525,88682
2016-10-07,2520,3415,5935,21819,32864,54683
2016-10-10,616,791,1407,21968,33064,55032
2016-10-11,5073,3456,8529,25431,35101,60532
2016-10-12,2055,5320,7375,26559,38894,65453
2016-10-13,2688,1984,4672,27240,39569,66809
2016-10-14,2935,2984,5919,27995,40912,68907
2016-10-17,764,1521,2285,28139,40904,69043
2016-10-18,863,1854,2717,28201,41419,69620
2016-10-19,2295,1717,4012,28820,41805,70625
2016-10-20,1808,2024,3832,29330,42195,71525
2016-10-21,1495,1299,2794,29413,42228,71641
2016-10-24,1496,1347,2843,29866,42873,72739
2016-10-25,1822,1636,3458,30340,43652,73992
2016-10-26,1055,1483,2538,30356,43822,74178
2016-10-27,2016,1899,3915,30588,44442,75030
2016-10-28,1191,2073,3264,30526,45070,75596
2016-10-31,1081,2699,3780,31070,46892,77962
2016-11-01,2315,2667,4982,32135,47888,80023
2016-11-02,831,1195,2026,32312,48419,80731
2016-11-03,1455,1556,3011,32386,48121,80507
2016-11-04,4369,3022,7391,22296,28446,50742
2016-11-07,2746,739,3485,23513,28334,51847
2016-11-08,3968,1077,5045,26410,28510,54920
2016-11-09,4505,1510,6015,28397,28450,56847
2016-11-10,2346,2352,4698,28263,29030,57293
2016-11-11,1354,5390,6744,28436,30810,59246
2016-11-14,1570,2472,4042,28717,30457,59174
2016-11-15,1859,1779,3638,29246,30452,59698
2016-11-16,2388,4396,6784,30068,31564,61632
2016-11-17,2735,1574,4309,30374,31759,62133
2016-11-18,2907,3862,6769,31810,31349,63159
2016-11-21,2951,1786,4737,32004,31616,63620
2016-11-22,1466,1109,2575,32464,31780,64244
2016-11-23,2201,1133,3334,33099,31861,64960
2016-11-25,887,1638,2525,33300,32213,65513
2016-11-28,930,2268,3198,33401,32844,66245
2016-11-29,1173,546,1719,33734,32838,66572
2016-11-30,2616,2198,4814,34558,32495,67053
2016-12-01,1717,1125,2842,35390,32283,67673
2016-12-02,1764,1763,3527,36279,32784,69063
2016-12-05,1098,1230,2328,36492,32463,68955
2016-12-06,631,615,1246,36527,32475,69002
2016-12-07,2420,951,3371,36265,32641,68906
2016-12-08,1297,1092,2389,36297,32553,68850
2016-12-09,566,525,1091,10380,12907,23287
2016-12-12,154,128,282,10456,12960,23416
2016-12-13,404,221,625,10613,13084,23697
2016-12-14,678,760,1438,10678,13448,24126
2016-12-15,1199,2695,3894,10676,14632,25308
2016-12-16,1625,951,2576,11239,14905,26144
2016-12-19,1403,1133,2536,11546,15405,26951
2016-12-20,1578,345,1923,12064,15565,27629
2016-12-21,767,533,1300,11956,15736,27692
2016-12-22,1594,1414,3008,12354,15978,28332
2016-12-23,1023,1327,2350,12406,15624,28030
2016-12-27,242,530,772,12406,15680,28086
2016-12-28,1077,1180,2257,12702,15460,28162
2016-12-29,1204,1164,2368,13294,15876,29170
2016-12-30,479,234,713,13462,15990,29452
2017-01-03,543,781,1324,13625,16376,30001
2017-01-04,1062,931,1993,13596,16172,29768
2017-01-05,738,1299,2037,14008,16901,30909
2017-01-06,672,2344,3016,14289,17728,32017
2017-01-09,802,2672,3474,14525,19060,33585
2017-01-10,617,752,1369,14749,19098,33847
2017-01-11,1952,1840,3792,15062,19475,34537
2017-01-12,2364,1526,3890,16056,19702,35758
2017-01-13,1194,1354,2548,16733,20262,36995
2017-01-17,465,566,1031,16978,20264,37242
2017-01-18,826,2529,3355,17313,21625,38938
2017-01-19,697,2416,3113,17607,22477,40084
2017-01-20,856,884,1740,17770,22880,40650
2017-01-23,552,371,923,17917,22898,40815
2017-01-24,636,476,1112,18025,23025,41050
2017-01-25,864,975,1839,18433,23425,41858
2017-01-26,601,912,1513,18594,23902,42496
2017-01-27,534,865,1399,18940,24614,43554
2017-01-30,201,296,497,18960,24744,43704
2017-01-31,1503,2479,3982,19810,25550,45360
2017-02-01,369,1175,1544,0,0,0
2017-02-02,4078,2813,6891,19807,26398,46205
2017-02-03,1920,2890,4810,20751,27881,48632
2017-02-06,1584,1118,2702,21121,28210,49331
2017-02-07,971,1600,2571,21396,28852,50248
2017-02-08,398,740,1138,21370,28869,50239
2017-02-09,929,718,1647,21527,28898,50425
2017-02-10,1204,814,2018,22352,28885,51237
2017-02-13,454,1424,1878,21878,29562,51440
2017-02-14,695,657,1352,22003,29790,51793
2017-02-15,1123,1119,2242,22432,30067,52499
2017-02-16,574,1183,1757,22214,30688,52902
2017-02-17,1283,1754,3037,22376,31067,53443
2017-02-21,1252,686,1938,22295,30991,53286
2017-02-22,401,1420,1821,22362,31471,53833
2017-02-23,588,880,1468,22521,31544,54065
2017-02-24,506,1049,1555,22624,31769,54393
2017-02-27,365,288,653,22548,31805,54353
2017-02-28,1398,1194,2592,23184,32162,55346
2017-03-01,1073,2711,3784,23507,33644,57151
2017-03-02,2494,5940,8434,23470,33967,57437
2017-03-03,1395,1585,2980,5817,6695,12512
2017-03-06,475,229,704,5865,6730,12595
2017-03-07,561,431,992,6035,6852,12887
2017-03-08,554,634,1188,6244,7171,13415
2017-03-09,522,918,1440,6349,7436,13785
2017-03-10,716,915,1631,6548,7656,14204
2017-03-13,432,585,1017,6613,7757,14370
2017-03-14,339,305,644,6781,7833,14614
2017-03-15,1314,825,2139,7156,7774,14930
2017-03-16,595,2652,3247,7310,9219,16529
2017-03-17,3441,1195,4636,10108,9898,20006
2017-03-20,275,334,609,10094,9943,20037
2017-03-21,386,714,1100,10166,9667,19833
2017-03-22,452,950,1402,10166,10004,20170
2017-03-23,241,421,662,10216,9990,20206
2017-03-24,913,517,1430,9766,10279,20045
2017-03-27,330,2441,2771,9878,12060,21938
2017-03-28,1948,870,2818,9550,11954,21504
2017-03-29,351,502,853,9568,12124,21692
2017-03-30,733,565,1298,9661,12203,21864
2017-03-31,273,92,365,9747,12206,21953
2017-04-03,834,177,1011,9524,12285,21809
2017-04-04,485,411,896,9587,12365,21952
2017-04-05,334,384,718,9687,12608,22295
2017-04-06,332,714,1046,9741,12850,22591
2017-04-07,830,1131,1961,9957,13270,23227
2017-04-10,405,630,1035,9975,13340,23315
2017-04-11,154,724,878,9952,13614,23566
2017-04-12,394,1314,1708,10063,13766,23829
2017-04-13,1499,447,1946,9898,13796,23694
2017-04-17,1071,91,1162,9439,13787,23226
2017-04-18,119,146,265,9439,13796,23235
2017-04-19,332,612,944,9531,13916,23447
2017-04-20,297,384,681,9626,13937,23563
2017-04-21,224,226,450,9739,13952,23691
2017-04-24,365,102,467,9667,13901,23568
2017-04-25,1368,476,1844,10644,13968,24612
2017-04-26,972,731,1703,10993,14072,25065
2017-04-27,707,393,1100,11121,14202,25323
2017-04-28,394,1115,1509,11273,14626,25899
2017-05-01,611,707,1318,11338,14449,25787
2017-05-02,1127,321,1448,11447,14576,26023
2017-05-03,961,647,1608,11574,14740,26314
2017-05-04,3174,3094,6268,13458,16106,29564
2017-05-05,685,977,1662,13731,15968,29699
2017-05-08,476,574,1050,13788,16093,29881
2017-05-09,1482,1684,3166,14321,16324,30645
2017-05-10,1994,769,2763,15054,16499,31553
2017-05-11,542,453,995,15373,16593,31966
2017-05-12,1981,664,2645,16353,16785,33138
2017-05-15,921,1535,2456,16503,16941,33444
2017-05-16,548,1046,1594,16684,16982,33666
2017-05-17,905,550,1455,16621,17007,33628
2017-05-18,369,1696,2065,16575,17436,34011
2017-05-19,978,2600,3578,16870,19231,36101
2017-05-22,590,320,910,16888,19361,36249
2017-05-23,2041,1266,3307,16467,19403,35870
2017-05-24,524,696,1220,16571,19359,35930
2017-05-25,1870,616,2486,16419,19461,35880
2017-05-26,145,115,260,16390,19500,35890
2017-05-30,111,665,776,16384,19616,36000
2017-05-31,239,707,946,16306,19610,35916
2017-06-01,1003,1827,2830,16462,19579,36041
2017-06-02,490,1151,1641,16434,19454,35888
2017-06-05,714,367,1081,16453,19499,35952
2017-06-06,643,949,1592,16321,19346,35667
2017-06-07,880,2016,2896,16258,19069,35327
2017-06-08,1120,275,1395,16069,19023,35092
2017-06-09,2074,160,2234,0,0,0
2017-06-12,0,0,0,0,0,0
2017-06-13,1033,2366,3399,21978,22772,44750
2017-06-14,3896,4041,7937,23699,24014,47713
2017-06-15,2655,3450,6105,24413,26166,50579
2017-06-16,1336,1941,3277,24987,26332,51319
2017-06-19,551,603,1154,25147,26649,51796
2017-06-20,1703,2837,4540,25847,28083,53930
2017-06-21,1305,1297,2602,26185,28437,54622
2017-06-22,4235,2344,6579,27893,29442,57335
2017-06-23,1354,1743,3097,28259,30139,58398
2017-06-26,272,1114,1386,28309,30441,58750
2017-06-27,846,1414,2260,28522,30928,59450
2017-06-28,2334,2295,4629,28719,31665,60384
2017-06-29,3398,5473,8871,29157,34062,63219
2017-06-30,8232,7760,15992,32213,38214,70427
2017-07-03,4037,2175,6212,34365,39163,73528
2017-07-05,4307,4050,8357,35148,39963,75111
2017-07-06,1702,3192,4894,35406,40305,75711
2017-07-07,4616,5474,10090,20809,25563,46372
2017-07-10,1190,1506,2696,21368,25570,46938
2017-07-11,1707,1944,3651,21521,25945,47466
2017-07-12,2364,3756,6120,22459,26942,49401
2017-07-13,3350,3801,7151,23264,28214,51478
2017-07-14,6790,7292,14082,24891,30896,55787
2017-07-17,1701,2666,4367,25490,31974,57464
2017-07-18,6456,7528,13984,26729,34161,60890
2017-07-19,3730,4709,8439,27758,36288,64046
2017-07-20,2464,2561,5025,28564,37112,65676
2017-07-21,2851,2962,5813,29619,37873,67492
2017-07-24,1201,2025,3226,29928,38352,68280
2017-07-25,1419,3046,4465,30169,40104,70273
2017-07-26,4147,4930,9077,31944,40694,72638
2017-07-27,2940,3126,6066,32869,41706,74575
2017-07-28,1828,1383,3211,33319,42028,75347
2017-07-31,1138,1282,2420,33538,42539,76077
2017-08-01,1370,2617,3987,34246,43575,77821
2017-08-02,1375,1371,2746,34783,43845,78628
2017-08-03,3097,2608,5705,36028,44670,80698
2017-08-04,4742,5748,10490,25702,31821,57523
2017-08-07,1903,2017,3920,26428,32542,58970
2017-08-08,1607,4395,6002,26984,34885,61869
2017-08-09,2580,4233,6813,28286,37000,65286
2017-08-10,1587,3317,4904,28501,38496,66997
2017-08-11,1839,4050,5889,28987,40183,69170
2017-08-14,2740,1717,4457,30155,40813,70968
2017-08-15,2015,1858,3873,30293,40981,71274
2017-08-16,2203,1993,4196,30931,41193,72124
2017-08-17,1857,1615,3472,31402,41726,73128
2017-08-18,701,857,1558,31535,41986,73521
2017-08-21,429,1111,1540,31449,42226,73675
2017-08-22,865,814,1679,31398,42260,73658
2017-08-23,649,2541,3190,31612,44144,75756
2017-08-24,1261,2184,3445,31812,45527,77339
2017-08-25,1442,3621,5063,31942,46898,78840
2017-08-28,1069,1581,2650,31950,47047,78997
2017-08-29,845,1274,2119,32038,47344,79382
2017-08-30,1709,2973,4682,32309,47788,80097
2017-08-31,2466,1437,3903,33291,48071,81362
2017-09-01,2004,1711,3715,33561,48492,82053
2017-09-05,3645,4285,7930,34180,49345,83525
2017-09-06,1824,2466,4290,34642,50311,84953
2017-09-07,1905,2862,4767,34833,50490,85323
2017-09-08,6627,6888,13515,23239,31333,54572
2017-09-11,1638,2284,3922,23968,32595,56563
2017-09-12,2226,2000,4226,25038,33464,58502
2017-09-13,969,3426,4395,25262,34795,60057
2017-09-14,1368,1783,3151,25744,35657,61401
2017-09-15,1178,2155,3333,26029,36826,62855
2017-09-18,1236,2294,3530,26677,38097,64774
2017-09-19,1716,1920,3636,27685,38898,66583
2017-09-20,2083,4122,6205,28278,40186,68464
2017-09-21,3034,4652,7686,28588,39978,68566
2017-09-22,1927,2777,4704,29190,40374,69564
2017-09-25,2235,1615,3850,29148,40256,69404
2017-09-26,3804,2758,6562,30537,40531,71068
2017-09-27,2799,1998,4797,31161,40713,71874
2017-09-28,2215,6567,8782,31914,43825,75739
2017-09-29,2321,3700,6021,32219,45550,77769
2017-10-02,1617,1518,3135,33158,45839,78997
2017-10-03,2624,1827,4451,33799,45967,79766
2017-10-04,2102,2121,4223,34629,46048,80677
2017-10-05,4325,4919,9244,35332,46210,81542
2017-10-06,6213,5407,11620,26005,33041,59046
2017-10-09,1544,589,2133,26628,33224,59852
2017-10-10,2730,923,3653,28503,33501,62004
2017-10-11,1291,1068,2359,29056,33902,62958
2017-10-12,4281,3004,7285,32350,35009,67359
2017-10-13,1341,3154,4495,32858,35963,68821
2017-10-16,1632,1691,3323,33369,36637,70006
2017-10-17,1183,831,2014,33781,36841,70622
2017-10-18,635,940,1575,33788,37232,71020
2017-10-19,1145,971,2116,33930,37326,71256
2017-10-20,1474,2724,4198,34330,38629,72959
2017-10-23,1470,977,2447,34826,38687,73513
2017-10-24,2156,1496,3652,35391,39461,74852
2017-10-25,3563,5397,8960,36424,40052,76476
2017-10-26,4845,4515,9360,38476,40819,79295
2017-10-27,3622,2451,6073,39884,40714,80598
2017-10-30,886,703,1589,40141,40841,80982
2017-10-31,1237,593,1830,40279,40996,81275
2017-11-01,1596,1551,3147,41048,40990,82038
2017-11-02,5591,2838,8429,43503,41458,84961
2017-11-03,5657,7453,13110,32202,29546,61748
2017-11-06,2062,1102,3164,33136,29998,63134
2017-11-07,1447,2162,3609,33628,30548,64176
2017-11-08,1499,1169,2668,33158,30344,63502
2017-11-09,4058,1952,6010,32942,30622,63564
2017-11-10,1805,467,2272,32992,30595,63587
2017-11-13,1427,740,2167,33554,30789,64343
2017-11-14,1079,577,1656,34067,30965,65032
2017-11-15,1955,867,2822,34947,31325,66272
2017-11-16,584,815,1399,35061,31478,66539
2017-11-17,2398,1820,4218,35591,31674,67265
2017-11-20,772,288,1060,35693,31755,67448
2017-11-21,1053,835,1888,35775,31931,67706
2017-11-22,1021,706,1727,36101,32238,68339
2017-11-24,788,796,1584,36076,32405,68481
2017-11-27,755,555,1310,36215,32455,68670
2017-11-28,1140,1187,2327,36638,32822,69460
2017-11-29,1369,1061,2430,37029,33110,70139
2017-11-30,1438,1266,2704,37406,33520,70926
2017-12-01,2196,2847,5043,38257,34630,72887
2017-12-04,2144,1112,3256,38654,34983,73637
2017-12-05,2374,1921,4295,39014,35286,74300
2017-12-06,1168,1137,2305,39245,35747,74992
2017-12-07,4271,2801,7072,42102,36165,78267
2017-12-08,2963,2253,5216,22525,17815,40340
2017-12-11,983,766,1749,22922,18028,40950
2017-12-12,2662,1471,4133,23744,18458,42202
2017-12-13,1593,1430,3023,24661,18927,43588
2017-12-14,3089,1433,4522,25622,19398,45020
2017-12-15,1848,1504,3352,26392,20124,46516
2017-12-18,789,708,1497,26853,20091,46944
2017-12-19,991,780,1771,27256,20299,47555
2017-12-20,623,752,1375,27526,20327,47853
2017-12-21,695,838,1533,27555,20624,48179
2017-12-22,245,521,766,27660,20798,48458
2017-12-26,159,191,350,27727,20800,48527
2017-12-27,1557,1095,2652,28333,21180,49513
2017-12-28,1337,1271,2608,28956,21915,50871
2017-12-29,669,511,1180,29116,22109,51225
2018-01-02,1212,1072,2284,29466,22409,51875
2018-01-03,2145,1096,3241,30456,22884,53340
2018-01-04,2767,4081,6848,30494,25158,55652
2018-01-05,1824,4596,6420,23140,20632,43772
2018-01-08,1233,1953,3186,23353,21570,44923
2018-01-09,852,1133,1985,23492,21277,44769
2018-01-10,1017,1389,2406,24072,22063,46135
2018-01-11,2885,1187,4072,25853,22611,48464
2018-01-12,2282,2208,4490,26836,23948,50784
2018-01-16,4031,5088,9119,27893,26542,54435
2018-01-17,5128,6033,11161,30075,29147,59222
2018-01-18,1187,1863,3050,30408,29857,60265
2018-01-19,2482,2773,5255,31543,31327,62870
2018-01-22,1001,1941,2942,31877,32124,64001
2018-01-23,1015,2384,3399,32204,33270,65474
2018-01-24,2628,22864,25492,32351,54800,87151
2018-01-25,2961,4255,7216,33234,78001,111235
2018-01-26,2896,2685,5581,34289,58688,92977
2018-01-29,779,4078,4857,34509,60312,94821
2018-01-30,2829,2484,5313,36090,61540,97630
2018-01-31,3541,2304,5845,37602,62370,99972
2018-02-01,1936,1397,3333,38094,62622,100716
2018-02-02,5226,8835,14061,39629,65728,105357
2018-02-05,2909,4973,7882,40285,67006,107291
2018-02-06,2877,3831,6708,41337,67841,109178
2018-02-07,3086,3142,6228,42312,68142,110454
2018-02-08,3635,8943,12578,42606,68257,110863
2018-02-09,2232,4454,6686,31473,56088,87561
2018-02-12,2562,2593,5155,32882,56712,89594
2018-02-13,1235,1900,3135,33501,57832,91333
2018-02-14,1737,3321,5058,33940,57889,91829
2018-02-15,1317,1686,3003,34349,58143,92492
2018-02-16,3020,1924,4944,35345,58916,94261
2018-02-20,1200,1212,2412,35833,59426,95259
2018-02-21,2748,5248,7996,37138,61738,98876
2018-02-22,1744,1046,2790,37697,62297,99994
2018-02-23,1781,1503,3284,38463,63132,101595
2018-02-26,959,878,1837,38901,63615,102516
2018-02-27,2178,4939,7117,39626,67037,106663
2018-02-28,946,1169,2115,40055,67381,107436
2018-03-01,5977,7287,13264,43652,70503,114155
2018-03-02,1936,701,2637,45062,70584,115646
2018-03-05,686,2869,3555,45193,72386,117579
2018-03-06,1773,2199,3972,45753,72879,118632
2018-03-07,1592,5166,6758,46644,72629,119273
2018-03-08,486,1498,1984,46707,72815,119522
2018-03-09,1648,3432,5080,32208,55571,87779
2018-03-12,1197,1112,2309,32227,55850,88077
2018-03-13,1331,1871,3202,32974,56434,89408
2018-03-14,637,1697,2334,33173,56469,89642
2018-03-15,1730,4017,5747,34034,58800,92834
2018-03-16,3650,5345,8995,35070,61057,96127
2018-03-19,1340,1764,3104,35540,61423,96963
2018-03-20,1110,1474,2584,35674,61661,97335
2018-03-21,2330,1218,3548,36729,61938,98667
2018-03-22,2364,2625,4989,38015,62645,100660
2018-03-23,1398,1974,3372,38484,63407,101891
2018-03-26,1091,894,1985,39190,63594,102784
2018-03-27,1318,1787,3105,39662,64211,103873
2018-03-28,1310,1480,2790,40154,64619,104773
2018-03-29,1569,940,2509,40955,64785,105740
2018-04-02,1337,791,2128,41340,64791,106131
2018-04-03,699,966,1665,41471,65010,106481
2018-04-04,1410,2388,3798,42159,65828,107987
2018-04-05,2359,1334,3693,43438,66473,109911
2018-04-06,6090,5549,11639,28615,54244,82859
2018-04-09,2005,1233,3238,29907,54781,84688
2018-04-10,1239,1959,3198,30285,55350,85635
2018-04-11,1174,984,2158,30743,55737,86480
2018-04-12,440,847,1287,30910,56103,87013
2018-04-13,1047,2890,3937,31558,56028,87586
2018-04-16,477,429,906,31747,55897,87644
2018-04-17,1104,510,1614,32537,56228,88765
2018-04-18,1751,1715,3466,33376,56680,90056
2018-04-19,2415,1971,4386,34281,57166,91447
2018-04-20,1966,1889,3855,34556,57379,91935
2018-04-23,1934,1795,3729,35630,57986,93616
2018-04-24,2998,2119,5117,36921,57698,94619
2018-04-25,2941,3468,6409,38371,58751,97122
2018-04-26,1559,790,2349,38967,59060,98027
2018-04-27,2059,895,2954,38692,59406,98098
2018-04-30,2453,3036,5489,40276,60976,101252
2018-05-01,1910,4750,6660,41133,59854,100987
2018-05-02,2252,3282,5534,42094,59850,101944
2018-05-03,3816,3254,7070,44391,60483,104874
2018-05-04,4859,6060,10919,33102,50710,83812
2018-05-07,1068,1862,2930,33365,51335,84700
2018-05-08,2124,2575,4699,33994,51991,85985
2018-05-09,1346,2207,3553,34672,53412,88084
2018-05-10,742,1306,2048,34905,53845,88750
2018-05-11,1111,992,2103,35557,53934,89491
2018-05-14,565,1049,1614,35743,54097,89840
2018-05-15,1654,1439,3093,36691,54397,91088
2018-05-16,475,1054,1529,36839,54766,91605
2018-05-17,1019,601,1620,37649,55092,92741
2018-05-18,461,158,619,37756,55078,92834
2018-05-21,1368,865,2233,38215,55110,93325
2018-05-22,1515,1967,3482,38468,55659,94127
2018-05-23,1223,3198,4421,38735,56625,95360
2018-05-24,400,1575,1975,38792,57456,96248
2018-05-25,666,1528,2194,38751,57685,96436
2018-05-29,1869,847,2716,38996,57839,96835
2018-05-30,1007,1416,2423,39350,57979,97329
2018-05-31,915,1258,2173,39510,57555,97065
2018-06-01,992,1007,1999,39958,57916,97874
2018-06-04,2141,4189,6330,39620,59597,99217
2018-06-05,1998,2083,4081,39510,59812,99322
2018-06-06,1877,1809,3686,39804,60102,99906
2018-06-07,1400,523,1923,39752,60418,100170
2018-06-08,6388,4004,10392,18727,15929,34656
2018-06-11,1440,899,2339,19269,16277,35546
2018-06-12,850,2026,2876,19704,17447,37151
2018-06-13,2060,1284,3344,20772,18279,39051
2018-06-14,1747,3170,4917,21330,20324,41654
2018-06-15,2411,5907,8318,22242,22839,45081
