2014-07-25,2748,2025,4773,26158,33952,60110
2014-07-28,1775,1254,3029,26845,33779,60624
2014-07-29,2012,2784,4796,27364,34326,61690
2014-07-30,4475,3947,8422,29546,34277,63823
2014-07-31,4629,2041,6670,31788,34404,66192
2014-08-01,4255,1947,6202,32990,34941,67931
2014-08-04,1904,1823,3727,33569,35267,68836
2014-08-05,3565,8107,11672,35142,38544,73686
2014-08-06,2778,4816,7594,36302,40648,76950
2014-08-07,1949,1542,3491,36472,41257,77729
2014-08-08,3385,3016,6401,25188,33794,58982
2014-08-11,1207,1382,2589,25662,34314,59976
2014-08-12,851,1406,2257,26101,34775,60876
2014-08-13,1620,1648,3268,26090,34970,61060
2014-08-14,933,1151,2084,26048,35317,61365
2014-08-15,3474,2724,6198,27286,36639,63925
2014-08-18,1043,755,1798,27470,36570,64040
2014-08-19,995,1738,2733,27927,36822,64749
2014-08-20,1413,789,2202,28435,37000,65435
2014-08-21,1140,680,1820,28767,37199,65966
2014-08-22,1674,1247,2921,29412,37631,67043
2014-08-25,1718,1160,2878,29735,37852,67587
2014-08-26,1693,556,2249,30277,37961,68238
2014-08-27,5397,5449,10846,31049,39882,70931
2014-08-28,1065,1163,2228,31378,40170,71548
2014-08-29,2603,5706,8309,31875,42333,74208
2014-09-02,3805,4636,8441,32949,43166,76115
2014-09-03,5214,6200,11414,34076,45768,79844
2014-09-04,2543,4291,6834,34168,46667,80835
2014-09-05,2995,5263,8258,20048,26061,46109
2014-09-08,1902,2791,4693,20704,26794,47498
2014-09-09,4018,3873,7891,22526,28636,51162
2014-09-10,3973,2060,6033,24751,29651,54402
2014-09-11,2780,3242,6022,25476,30776,56252
2014-09-12,2345,2950,5295,26673,31911,58584
2014-09-15,2417,1728,4145,27758,32647,60405
2014-09-16,2634,3727,6361,29127,34752,63879
2014-09-17,2536,2296,4832,29524,35535,65059
2014-09-18,2248,1549,3797,30118,36184,66302
2014-09-19,3646,2773,6419,30882,37208,68090
2014-09-22,1443,2511,3954,31065,38053,69118
2014-09-23,1717,2268,3985,31769,38796,70565
2014-09-24,3401,2754,6155,33793,39741,73534
2014-09-25,1826,1040,2866,34216,39813,74029
2014-09-26,2860,2197,5057,35155,40193,75348
2014-09-29,2139,1532,3671,35809,40427,76236
2014-09-30,3566,2550,6116,37268,40386,77654
2014-10-01,2932,2071,5003,38565,41251,79816
2014-10-02,2371,2711,5082,39242,42494,81736
2014-10-03,3327,4533,7860,25868,31591,57459
2014-10-06,2279,910,3189,26932,31860,58792
2014-10-07,1607,580,2187,27265,32163,59428
2014-10-08,1003,1985,2988,27614,33506,61120
2014-10-09,1945,979,2924,27792,33898,61690
2014-10-10,1265,1008,2273,28260,34101,62361
2014-10-13,463,1079,1542,28448,34288,62736
2014-10-14,3214,4270,7484,30064,36131,66195
2014-10-15,2882,2850,5732,30925,36318,67243
2014-10-16,1718,1580,3298,30821,36459,67280
2014-10-17,1973,2090,4063,31596,36902,68498
2014-10-20,1242,417,1659,32164,36869,69033
2014-10-21,1644,1516,3160,32572,37088,69660
2014-10-22,2853,3050,5903,33797,37953,71750
2014-10-23,2121,817,2938,34259,37987,72246
2014-10-24,739,606,1345,34422,38071,72493
2014-10-27,1936,729,2665,35045,38174,73219
2014-10-28,2936,1724,4660,35683,37985,73668
2014-10-29,2119,2340,4459,36482,38364,74846
2014-10-30,1127,783,1910,36617,38443,75060
2014-10-31,4522,3909,8431,38035,39043,77078
2014-11-03,2887,2322,5209,39114,39081,78195
2014-11-04,3335,3563,6898,40286,39466,79752
2014-11-05,3134,3128,6262,41493,40455,81948
2014-11-06,2268,1951,4219,41906,41003,82909
2014-11-07,3959,3559,7518,28730,27520,56250
2014-11-10,2311,2191,4502,29584,28748,58332
2014-11-11,665,944,1609,29904,29222,59126
2014-11-12,935,1869,2804,30187,30314,60501
2014-11-13,1670,1665,3335,30762,31013,61775
2014-11-14,1784,1311,3095,31546,31463,63009
2014-11-17,648,687,1335,31488,31793,63281
2014-11-18,1128,880,2008,31984,31808,63792
2014-11-19,751,994,1745,32263,32373,64636
2014-11-20,1589,1528,3117,33008,33210,66218
2014-11-21,1985,2642,4627,33312,33473,66785
2014-11-24,1491,1114,2605,33980,33444,67424
2014-11-25,864,867,1731,34369,33664,68033
2014-11-26,1107,798,1905,34591,34129,68720
2014-11-28,4396,5352,9748,35850,35593,71443
2014-12-01,2279,1497,3776,36580,35762,72342
2014-12-02,2173,1986,4159,37015,35855,72870
2014-12-03,2840,2037,4877,37445,35774,73219
2014-12-04,1495,1096,2591,37636,36198,73834
2014-12-05,2774,3461,6235,15191,17389,32580
2014-12-08,2674,2262,4936,16942,18621,35563
2014-12-09,2513,1470,3983,17714,18946,36660
2014-12-10,1682,1031,2713,18454,19295,37749
2014-12-11,1127,1818,2945,18863,19914,38777
2014-12-12,2132,1545,3677,20011,20404,40415
2014-12-15,2008,1557,3565,20595,21091,41686
2014-12-16,1160,2355,3515,21145,21719,42864
2014-12-17,1598,1500,3098,21584,22186,43770
2014-12-18,2081,1942,4023,22812,23102,45914
2014-12-19,2160,1808,3968,23699,23896,47595
2014-12-22,1492,881,2373,24226,24342,48568
2014-12-23,1668,1435,3103,24752,24433,49185
2014-12-24,101,103,204,24790,24439,49229
2014-12-26,178,159,337,24777,24477,49254
2014-12-29,546,729,1275,24830,24615,49445
2014-12-30,360,212,572,25009,24584,49593
2014-12-31,770,574,1344,25356,24565,49921
2015-01-02,3032,1264,4296,25981,25049,51030
2015-01-05,4506,2460,6966,28867,25922,54789
2015-01-06,4407,1086,5493,31263,26114,57377
2015-01-07,3521,1878,5399,32417,26383,58800
2015-01-08,1944,3216,5160,33385,27523,60908
2015-01-09,3092,1933,5025,21407,19191,40598
2015-01-12,2479,2603,5082,22178,20499,42677
2015-01-13,1930,1825,3755,23220,21671,44891
2015-01-14,1773,2233,4006,24351,22972,47323
2015-01-15,1980,1322,3302,24924,23454,48378
2015-01-16,1480,1942,3422,25405,24438,49843
2015-01-20,1573,3314,4887,25850,25772,51622
2015-01-21,3968,3352,7320,27812,27210,55022
2015-01-22,1932,1790,3722,28618,27577,56195
2015-01-23,1652,1150,2802,29267,27824,57091
2015-01-26,1633,1220,2853,30047,28088,58135
2015-01-27,892,952,1844,30382,28483,58865
2015-01-28,2311,4662,6973,31411,32101,63512
2015-01-29,1919,3492,5411,31924,33841,65765
2015-01-30,3465,6203,9668,33768,37690,71458
2015-02-02,3260,2060,5320,35687,38447,74134
2015-02-03,5064,5092,10156,37675,40351,78026
2015-02-04,3573,2656,6229,39511,41286,80797
2015-02-05,3689,1830,5519,40459,41755,82214
2015-02-06,2606,3841,6447,28885,30808,59693
2015-02-09,1281,897,2178,29130,31101,60231
2015-02-10,938,1996,2934,29489,31859,61348
2015-02-11,3035,1644,4679,30693,32586,63279
2015-02-12,2159,939,3098,32113,32948,65061
2015-02-13,1198,821,2019,32756,33149,65905
2015-02-17,1199,2321,3520,33191,33837,67028
2015-02-18,1814,1086,2900,34354,34189,68543
2015-02-19,2160,2021,4181,34767,34944,69711
2015-02-20,1353,1793,3146,35386,35845,71231
2015-02-23,959,1450,2409,35541,35957,71498
2015-02-24,1807,2732,4539,36192,37124,73316
2015-02-25,2146,3644,5790,36866,37655,74521
2015-02-26,1829,1801,3630,37223,38141,75364
2015-02-27,3092,2331,5423,38926,39294,78220
2015-03-02,1407,1563,2970,39480,39920,79400
2015-03-03,3177,2214,5391,40222,40366,80588
2015-03-04,6343,2639,8982,43465,40567,84032
2015-03-05,1316,3847,5163,43096,40525,83621
2015-03-06,4472,4795,9267,22236,23401,45637
2015-03-09,1330,521,1851,22915,23327,46242
2015-03-10,2313,871,3184,24026,23707,47733
2015-03-11,1524,1823,3347,24606,24073,48679
2015-03-12,1247,1522,2769,24993,24725,49718
2015-03-13,2018,1283,3301,25156,25066,50222
2015-03-16,1776,1242,3018,26232,25356,51588
2015-03-17,959,589,1548,26529,25550,52079
2015-03-18,1920,1659,3579,27098,25906,53004
2015-03-19,1884,1002,2886,27523,26265,53788
2015-03-20,2957,1167,4124,28217,26530,54747
2015-03-23,1808,861,2669,28615,26963,55578
2015-03-24,1435,628,2063,28382,27198,55580
2015-03-25,2831,3350,6181,28648,28825,57473
2015-03-26,1048,1830,2878,28707,29428,58135
2015-03-27,702,1695,2397,28774,30327,59101
2015-03-30,1408,5810,7218,28956,34429,63385
2015-03-31,1842,2947,4789,29274,34915,64189
2015-04-01,2118,970,3088,29921,34978,64899
2015-04-02,1901,1120,3021,21226,24679,45905
2015-04-03,212,93,305,21313,24676,45989
2015-04-06,690,411,1101,21104,24810,45914
2015-04-07,1004,644,1648,21676,25102,46778
2015-04-08,3177,1238,4415,23765,25656,49421
2015-04-09,1107,872,1979,24281,25984,50265
2015-04-10,1730,1117,2847,24898,26450,51348
2015-04-13,651,1449,2100,25108,27425,52533
2015-04-14,2136,2111,4247,26161,28443,54604
2015-04-15,4548,2400,6948,26447,29047,55494
2015-04-16,3556,3531,7087,27290,29871,57161
2015-04-17,2377,3491,5868,28113,31623,59736
2015-04-20,1244,1917,3161,28743,31922,60665
2015-04-21,723,923,1646,28903,32262,61165
2015-04-22,406,668,1074,28870,32632,61502
2015-04-23,1079,927,2006,28965,32866,61831
2015-04-24,1592,1302,2894,29587,33524,63111
2015-04-27,1011,1073,2084,29833,33889,63722
2015-04-28,1064,1603,2667,29870,34451,64321
2015-04-29,3190,3151,6341,29576,36054,65630
2015-04-30,1754,2912,4666,30518,37637,68155
2015-05-01,2245,3011,5256,31138,37954,69092
2015-05-04,4725,1420,6145,31383,38669,70052
2015-05-05,1455,1772,3227,31411,39440,70851
2015-05-06,3798,2249,6047,32524,40190,72714
2015-05-07,2293,2261,4554,33533,40750,74283
2015-05-08,2219,2214,4433,25359,28570,53929
2015-05-11,1717,1613,3330,26642,29509,56151
2015-05-12,1637,2479,4116,27541,30343,57884
2015-05-13,984,1738,2722,27912,31262,59174
2015-05-14,1358,1469,2827,28737,32026,60763
2015-05-15,1089,1903,2992,29187,33023,62210
2015-05-18,1204,2239,3443,29495,34114,63609
2015-05-19,1284,2485,3769,29919,35083,65002
2015-05-20,1656,1134,2790,30445,35432,65877
2015-05-21,1188,1101,2289,30939,35944,66883
2015-05-22,868,1558,2426,31133,36474,67607
2015-05-26,1756,3350,5106,31925,36576,68501
2015-05-27,1756,1782,3538,32413,36704,69117
2015-05-28,2264,3088,5352,33430,37670,71100
2015-05-29,2062,2540,4602,33507,38114,71621
2015-06-01,2236,2995,5231,34693,39187,73880
2015-06-02,2193,2622,4815,35372,39243,74615
2015-06-03,2879,2343,5222,36523,40078,76601
2015-06-04,1895,2055,3950,37131,39947,77078
2015-06-05,2408,2259,4667,17410,17448,34858
2015-06-08,1116,2310,3426,17993,18650,36643
2015-06-09,1603,1817,3420,18505,19420,37925
2015-06-10,9620,1918,11538,24945,20440,45385
2015-06-11,2126,769,2895,25566,20614,46180
2015-06-12,1194,684,1878,25788,20744,46532
2015-06-15,813,657,1470,25995,20978,46973
2015-06-16,437,773,1210,25926,21189,47115
2015-06-17,883,324,1207,26117,21221,47338
2015-06-18,2076,2841,4917,26634,22587,49221
2015-06-19,422,1755,2177,26704,23839,50543
2015-06-22,843,980,1823,26800,23838,50638
2015-06-23,1216,1124,2340,27094,23872,50966
2015-06-24,832,750,1582,27316,23932,51248
2015-06-25,1129,1085,2214,27694,24048,51742
2015-06-26,1275,660,1935,28380,24189,52569
2015-06-29,783,501,1284,28477,24391,52868
2015-06-30,2754,3195,5949,28852,25155,54007
2015-07-01,3823,3852,7675,30947,26280,57227
2015-07-02,1537,2762,4299,20019,19403,39422
2015-07-06,3106,2638,5744,20857,20503,41360
2015-07-07,3731,3001,6732,22938,21312,44250
2015-07-08,1061,747,1808,23033,21481,44514
2015-07-09,913,1397,2310,23413,22293,45706
2015-07-10,1692,1408,3100,23832,22908,46740
2015-07-13,1080,776,1856,24389,23170,47559
2015-07-14,937,908,1845,24470,23517,47987
2015-07-15,2679,2348,5027,25420,24398,49818
2015-07-16,2028,3226,5254,26313,26064,52377
2015-07-17,3516,2239,5755,28799,27506,56305
2015-07-20,3946,2376,6322,29812,28456,58268
2015-07-21,2794,1517,4311,30926,29043,59969
2015-07-22,4761,2107,6868,32891,29453,62344
2015-07-23,2048,1596,3644,33639,29633,63272
2015-07-24,3047,2199,5246,35267,30253,65520
2015-07-27,2142,505,2647,36330,30305,66635
2015-07-28,3113,1968,5081,36321,30855,67176
2015-07-29,1923,1612,3535,36754,31075,67829
2015-07-30,3444,2347,5791,37538,31370,68908
2015-07-31,2314,3513,5827,38252,31672,69924
2015-08-03,5715,7098,12813,40644,34710,75354
2015-08-04,2933,2061,4994,41708,34964,76672
2015-08-05,3671,2159,5830,42992,35700,78692
2015-08-06,5775,6327,12102,45082,36638,81720
2015-08-07,3520,2961,6481,26690,24524,51214
2015-08-10,5385,3542,8927,27889,25279,53168
2015-08-11,2239,2074,4313,28567,25514,54081
2015-08-12,4012,2389,6401,28368,26283,54651
2015-08-13,1361,1371,2732,28594,26682,55276
2015-08-14,668,601,1269,28591,26567,55158
2015-08-17,1248,1355,2603,28810,26584,55394
2015-08-18,1229,540,1769,29171,26663,55834
2015-08-19,2429,1615,4044,29613,27145,56758
2015-08-20,1003,434,1437,29974,27118,57092
2015-08-21,2142,939,3081,30469,27264,57733
2015-08-24,3769,3022,6791,31125,27732,58857
2015-08-25,2825,1815,4640,31970,28334,60304
2015-08-26,1256,2557,3813,32072,29468,61540
2015-08-27,2792,2015,4807,32848,30077,62925
2015-08-28,2487,2046,4533,33418,30756,64174
2015-08-31,2926,2183,5109,34265,31007,65272
2015-09-01,3714,2763,6477,35695,31770,67465
2015-09-02,1683,2121,3804,35939,32091,68030
2015-09-03,3717,2422,6139,36409,32577,68986
2015-09-04,1886,4306,6192,15292,14253,29545
2015-09-08,3219,1334,4553,17600,14887,32487
2015-09-09,4357,1620,5977,20663,15855,36518
2015-09-10,1953,1212,3165,21863,16520,38383
2015-09-11,1464,1306,2770,22298,17018,39316
2015-09-14,418,506,924,22385,17244,39629
2015-09-15,393,526,919,22397,17380,39777
2015-09-16,1042,1933,2975,22358,18260,40618
2015-09-17,2282,1905,4187,22578,18856,41434
2015-09-18,2370,2276,4646,23100,19514,42614
2015-09-21,1738,1458,3196,23729,19945,43674
2015-09-22,2081,1545,3626,24340,20428,44768
2015-09-23,963,1090,2053,24685,20444,45129
2015-09-24,1676,2010,3686,25011,20678,45689
2015-09-25,868,1133,2001,25425,20775,46200
2015-09-28,671,1026,1697,25320,21224,46544
2015-09-29,1519,1819,3338,25489,21566,47055
2015-09-30,2258,1410,3668,25835,22398,48233
2015-10-01,1704,1423,3127,26098,22799,48897
2015-10-02,853,1147,2000,26277,22988,49265
2015-10-05,2300,1467,3767,26794,23458,50252
2015-10-06,2696,1818,4514,28245,24081,52326
2015-10-07,2462,1951,4413,28266,25075,53341
2015-10-08,2018,1033,3051,28819,25640,54459
2015-10-09,4076,2919,6995,18598,17204,35802
2015-10-12,735,988,1723,18998,17809,36807
2015-10-13,2535,1605,4140,19975,18588,38563
2015-10-14,1917,1452,3369,20025,19186,39211
2015-10-15,1474,1410,2884,20351,19544,39895
2015-10-16,949,1050,1999,20761,20040,40801
2015-10-19,1918,1606,3524,20813,20882,41695
2015-10-20,1475,1890,3365,21406,21483,42889
2015-10-21,2245,1747,3992,21907,22042,43949
2015-10-22,1720,547,2267,22676,22064,44740
2015-10-23,9463,1473,10936,27571,22481,50052
2015-10-26,576,899,1475,27675,22661,50336
2015-10-27,2121,2462,4583,28542,23257,51799
2015-10-28,1998,2013,4011,29071,23098,52169
2015-10-29,822,1837,2659,29202,23537,52739
2015-10-30,1649,2326,3975,29613,23550,53163
2015-11-02,944,946,1890,29643,23779,53422
2015-11-03,1916,1173,3089,29954,23972,53926
2015-11-04,3285,3613,6898,31085,25162,56247
2015-11-05,1786,1065,2851,31905,25655,57560
2015-11-06,2456,2354,4810,21931,16839,38770
2015-11-09,1891,1002,2893,22826,17365,40191
2015-11-10,1757,1495,3252,23637,18106,41743
2015-11-11,1016,465,1481,23942,18422,42364
2015-11-12,1912,1866,3778,24723,19237,43960
2015-11-13,1751,1731,3482,25379,20131,45510
2015-11-16,1243,1160,2403,25800,20799,46599
2015-11-17,1159,2048,3207,26111,21883,47994
2015-11-18,468,884,1352,26277,22373,48650
2015-11-19,633,559,1192,26362,22343,48705
2015-11-20,889,1065,1954,26653,22417,49070
2015-11-23,1696,728,2424,27013,22341,49354
2015-11-24,1282,1124,2406,27509,22459,49968
2015-11-25,1361,851,2212,28076,22805,50881
2015-11-27,833,1763,2596,28248,24179,52427
2015-11-30,4516,1376,5892,29436,24247,53683
2015-12-01,1250,1439,2689,29823,24590,54413
2015-12-02,2923,2948,5871,31282,24855,56137
2015-12-03,2195,1058,3253,32346,25200,57546
2015-12-04,3131,2652,5783,13061,11206,24267
2015-12-07,2623,2250,4873,13984,12207,26191
2015-12-08,3795,4317,8112,16153,14457,30610
2015-12-09,3511,2222,5733,18072,15331,33403
2015-12-10,2832,2175,5007,19132,16234,35366
2015-12-11,3013,3078,6091,20365,17779,38144
2015-12-14,2868,2929,5797,21241,18717,39958
2015-12-15,1879,2138,4017,21695,19869,41564
2015-12-16,5518,2889,8407,25101,20780,45881
2015-12-17,4634,4300,8934,26667,21519,48186
2015-12-18,3823,2747,6570,28327,22508,50835
2015-12-21,2018,1602,3620,28409,23109,51518
2015-12-22,753,665,1418,28566,23114,51680
2015-12-23,2657,1351,4008,29431,23821,53252
2015-12-24,1120,560,1680,29858,24032,53890
2015-12-28,371,347,718,29882,23967,53849
2015-12-29,2149,1761,3910,30288,24767,55055
2015-12-30,527,590,1117,30360,24875,55235
2015-12-31,981,742,1723,30615,24939,55554
2016-01-04,4549,3623,8172,32012,25921,57933
2016-01-05,2885,3588,6473,33278,26629,59907
2016-01-06,2564,3862,6426,34264,26678,60942
2016-01-07,3164,3695,6859,35113,27146,62259
2016-01-08,4109,2145,6254,18626,17523,36149
2016-01-11,3264,3575,6839,19732,17812,37544
2016-01-12,4735,5256,9991,22172,20694,42866
2016-01-13,2280,3003,5283,22925,22112,45037
2016-01-14,6726,2799,9525,26917,23026,49943
2016-01-15,8709,6692,15401,30718,25439,56157
2016-01-19,4743,6412,11155,32519,27856,60375
2016-01-20,7434,5965,13399,35403,29506,64909
2016-01-21,5828,3227,9055,35877,30306,66183
2016-01-22,5546,1983,7529,35908,30610,66518
2016-01-25,3445,2694,6139,37056,30672,67728
2016-01-26,5682,2632,8314,38154,31484,69638
2016-01-27,8768,3341,12109,41451,32089,73540
2016-01-28,6992,3654,10646,41988,32339,74327
2016-01-29,1893,1961,3854,42208,33095,75303
2016-02-01,5350,1475,6825,43859,33409,77268
2016-02-02,2866,2367,5233,44703,33894,78597
2016-02-03,13051,4806,17857,43909,34927,78836
2016-02-04,5357,5434,10791,44286,37527,81813
2016-02-05,3752,5594,9346,26651,24494,51145
2016-02-08,2186,2116,4302,27479,25325,52804
2016-02-09,2315,3715,6030,28732,26645,55377
2016-02-10,2959,4077,7036,29487,27620,57107
2016-02-11,1745,6838,8583,29738,31401,61139
2016-02-12,2019,2036,4055,29818,31798,61616
2016-02-16,900,2431,3331,29771,32046,61817
2016-02-17,5425,8077,13502,31332,30254,61586
2016-02-18,2025,2086,4111,32369,31290,63659
2016-02-19,1921,1711,3632,32781,31502,64283
2016-02-22,1465,861,2326,33174,31641,64815
2016-02-23,1312,1446,2758,33518,32285,65803
2016-02-24,2427,8689,11116,34075,36713,70788
2016-02-25,4081,2772,6853,35161,37364,72525
2016-02-26,7022,4766,11788,37211,38889,76100
2016-02-29,2298,2405,4703,37930,39622,77552
2016-03-01,2877,2242,5119,38647,40193,78840
2016-03-02,1321,1799,3120,39274,40667,79941
2016-03-03,3701,2240,5941,40337,41130,81467
2016-03-04,3799,3572,7371,22794,24080,46874
2016-03-07,2261,3389,5650,23649,26423,50072
2016-03-08,2000,1962,3962,24309,27385,51694
2016-03-09,2680,2918,5598,24803,28960,53763
2016-03-10,1696,1991,3687,25866,30006,55872
2016-03-11,2964,2863,5827,26853,31177,58030
2016-03-14,1715,1978,3693,27717,31813,59530
2016-03-15,1187,1613,2800,28293,32547,60840
2016-03-16,2612,2517,5129,28791,33200,61991
2016-03-17,10344,3484,13828,29638,35126,64764
2016-03-18,1547,1676,3223,29999,35810,65809
2016-03-21,757,761,1518,30324,36181,66505
2016-03-22,964,1401,2365,30462,36636,67098
2016-03-23,2498,2990,5488,31449,36972,68421
2016-03-24,2589,4179,6768,32377,38963,71340
2016-03-28,1381,662,2043,32983,38962,71945
2016-03-29,1997,1686,3683,33359,39036,72395
2016-03-30,1774,2099,3873,33728,39348,73076
2016-03-31,1862,1717,3579,34270,39913,74183
2016-04-01,2252,3432,5684,34901,41604,76505
2016-04-04,1794,1405,3199,34620,42441,77061
2016-04-05,1899,2021,3920,35005,42779,77784
2016-04-06,2679,1344,4023,35037,43282,78319
2016-04-07,2210,1571,3781,35422,43450,78872
2016-04-08,3790,3128,6918,22221,22071,44292
2016-04-11,1757,1245,3002,23005,22524,45529
2016-04-12,3314,3272,6586,24334,23998,48332
2016-04-13,2516,2110,4626,25595,25257,50852
2016-04-14,1735,3463,5198,26562,27818,54380
2016-04-15,2367,2748,5115,27415,28906,56321
2016-04-18,2266,1983,4249,28229,29386,57615
2016-04-19,4610,3194,7804,30301,30337,60638
2016-04-20,1360,4747,6107,30749,32943,63692
2016-04-21,2427,2808,5235,32020,34590,66610
2016-04-22,1469,1496,2965,32579,35431,68010
2016-04-25,420,840,1260,32711,35796,68507
2016-04-26,1864,1977,3841,33702,36835,70537
2016-04-27,650,4030,4680,33917,40211,74128
2016-04-28,1119,3523,4642,34226,40568,74794
2016-04-29,1436,1384,2820,34703,41293,75996
2016-05-02,774,1672,2446,34979,42424,77403
2016-05-03,2294,3630,5924,35471,44124,79595
2016-05-04,4445,5282,9727,36950,44593,81543
2016-05-05,3948,4069,8017,37801,46842,84643
2016-05-06,5364,3779,9143,26802,32577,59379
2016-05-09,2034,1995,4029,27352,33370,60722
2016-05-10,2271,3257,5528,28615,34878,63493
2016-05-11,2724,1897,4621,30091,35711,65802
2016-05-12,1808,2133,3941,30894,36532,67426
2016-05-13,905,558,1463,31112,36613,67725
2016-05-16,891,832,1723,31376,36754,68130
2016-05-17,2615,2448,5063,32304,37890,70194
2016-05-18,4135,3452,7587,34034,38816,72850
2016-05-19,3732,3961,7693,35454,40413,75867
2016-05-20,3135,1967,5102,36868,40990,77858
2016-05-23,2666,1191,3857,37659,41429,79088
2016-05-24,1533,1658,3191,38228,42006,80234
2016-05-25,2078,2028,4106,39175,42756,81931
2016-05-26,3317,4346,7663,40612,44582,85194
2016-05-27,1127,1151,2278,40732,44792,85524
2016-05-31,2270,1745,4015,41482,45249,86731
2016-06-01,1375,937,2312,41980,45585,87565
2016-06-02,2423,1614,4037,42509,45854,88363
2016-06-03,2400,1581,3981,20117,21115,41232
2016-06-06,1875,2130,4005,20926,22111,43037
2016-06-07,2438,1654,4092,21278,22823,44101
2016-06-08,2011,11413,13424,21411,27903,49314
2016-06-09,2087,3656,5743,21850,28443,50293
2016-06-10,1918,4455,6373,22376,30017,52393
2016-06-13,808,1989,2797,22737,30721,53458
2016-06-14,1826,2330,4156,23348,31311,54659
2016-06-15,3196,2963,6159,23795,31002,54797
2016-06-16,2125,6327,8452,23911,31544,55455
2016-06-17,2451,1165,3616,23759,31723,55482
2016-06-20,1409,889,2298,23988,31769,55757
2016-06-21,653,956,1609,24131,31835,55966
2016-06-22,877,1557,2434,24401,32611,57012
2016-06-23,752,654,1406,24716,32934,57650
2016-06-24,2382,2253,4635,25423,33707,59130
2016-06-27,2341,4046,6387,25955,34756,60711
2016-06-28,962,1226,2188,26001,34889,60890
2016-06-29,630,1185,1815,26143,34749,60892
2016-06-30,1496,2218,3714,26665,35419,62084
2016-07-01,1915,1238,3153,26560,35890,62450
2016-07-05,1563,2520,4083,26776,36444,63220
2016-07-06,1647,2340,3987,26996,36706,63702
2016-07-07,1699,2762,4461,27618,37851,65469
2016-07-08,3388,5658,9046,18055,26056,44111
2016-07-11,1595,3437,5032,18637,27319,45956
2016-07-12,2159,2033,4192,19747,28218,47965
2016-07-13,2292,2180,4472,20604,28930,49534
2016-07-14,1888,1758,3646,21315,29667,50982
2016-07-15,1476,1267,2743,21471,30165,51636
2016-07-18,2561,1121,3682,22338,30476,52814
2016-07-19,1259,695,1954,22741,30831,53572
2016-07-20,1331,3332,4663,23480,31619,55099
2016-07-21,1564,1348,2912,23876,31991,55867
2016-07-22,2344,2764,5108,24413,32616,57029
2016-07-25,1682,937,2619,24774,32724,57498
2016-07-26,1522,1100,2622,25249,33367,58616
2016-07-27,1244,2910,4154,25667,34654,60321
2016-07-28,1101,1588,2689,26275,35115,61390
2016-07-29,2127,3220,5347,27191,35488,62679
2016-08-01,1224,1346,2570,27480,35656,63136
2016-08-02,1292,2338,3630,27887,36391,64278
2016-08-03,1504,1387,2891,28501,36815,65316
2016-08-04,1786,1034,2820,28949,36906,65855
2016-08-05,3917,2837,6754,20485,21749,42234
2016-08-08,628,930,1558,20878,22171,43049
2016-08-09,2219,1104,3323,22274,22622,44896
2016-08-10,2207,2075,4282,23277,23400,46677
2016-08-11,1641,1465,3106,24045,23928,47973
2016-08-12,2687,1600,4287,24584,24326,48910
2016-08-15,1131,881,2012,25257,24522,49779
2016-08-16,1245,1423,2668,25665,25127,50792
2016-08-17,794,1267,2061,26102,25855,51957
2016-08-18,1047,2716,3763,26250,26834,53084
2016-08-19,1309,1040,2349,26695,27406,54101
2016-08-22,1931,1353,3284,26247,27604,53851
2016-08-23,995,948,1943,26871,28061,54932
2016-08-24,970,1066,2036,27014,28241,55255
2016-08-25,829,928,1757,27168,28318,55486
2016-08-26,2387,2759,5146,28073,29261,57334
2016-08-29,1233,1086,2319,28561,29550,58111
2016-08-30,2445,2382,4827,29004,30106,59110
2016-08-31,3231,1761,4992,30269,30125,60394
2016-09-01,3957,3937,7894,30951,31891,62842
2016-09-02,2084,1409,3493,30743,32028,62771
2016-09-06,3827,4791,8618,32367,33940,66307
2016-09-07,1273,2245,3518,32504,34801,67305
2016-09-08,3159,4195,7354,33441,36584,70025
2016-09-09,4982,5833,10815,18207,20194,38401
2016-09-12,2342,2212,4554,18977,20742,39719
2016-09-13,2647,4248,6895,19530,23169,42699
2016-09-14,1891,2002,3893,20785,24205,44990
2016-09-15,1760,2629,4389,21523,24625,46148
2016-09-16,2762,2369,5131,22795,25433,48228
2016-09-19,988,1237,2225,22992,25817,48809
2016-09-20,981,1498,2479,23513,26384,49897
2016-09-21,1924,2709,4633,24281,27481,51762
2016-09-22,1095,4966,6061,24313,28680,52993
2016-09-23,2726,2040,4766,25289,29544,54833
2016-09-26,2296,3019,5315,25995,30978,56973
2016-09-27,2336,2313,4649,26834,31360,58194
2016-09-28,3405,3018,6423,28049,31798,59847
2016-09-29,1721,2659,4380,28106,32625,60731
2016-09-30,1817,2773,4590,28488,33054,61542
2016-10-03,877,1537,2414,28701,33120,61821
2016-10-04,2655,2791,5446,29537,33472,63009
2016-10-05,1801,1870,3671,29939,34099,64038
2016-10-06,2432,2662,5094,30414,34409,64823
2016-10-07,4759,5446,10205,18006,23338,41344
2016-10-10,1308,1517,2825,18590,23571,42161
2016-10-11,1124,1259,2383,19023,23911,42934
2016-10-12,2293,1864,4157,19825,24857,44682
2016-10-13,3603,820,4423,22494,24864,47358
2016-10-14,1284,1341,2625,22600,25130,47730
2016-10-17,1604,1131,2735,23256,25483,48739
2016-10-18,860,728,1588,23302,25655,48957
2016-10-19,1570,1769,3339,23742,25892,49634
2016-10-20,2319,1681,4000,24399,26122,50521
2016-10-21,3638,2767,6405,24901,26412,51313
2016-10-24,2277,2400,4677,25041,26730,51771
2016-10-25,1319,574,1893,25295,26828,52123
2016-10-26,1134,1580,2714,25255,27050,52305
2016-10-27,1756,2285,4041,24765,27390,52155
2016-10-28,2100,1215,3315,25315,27779,53094
2016-10-31,1227,1551,2778,25306,27880,53186
2016-11-01,1438,1565,3003,25855,28471,54326
2016-11-02,1175,1971,3146,26066,29519,55585
2016-11-03,825,885,1710,26194,29424,55618
2016-11-04,2367,2715,5082,16366,18974,35340
2016-11-07,1041,1437,2478,16473,19219,35692
2016-11-08,456,668,1124,16675,19440,36115
2016-11-09,1237,1007,2244,16876,19651,36527
2016-11-10,1614,1876,3490,17207,19685,36892
2016-11-11,2067,2871,4938,17839,20064,37903
2016-11-14,1482,1447,2929,18349,20623,38972
2016-11-15,1032,990,2022,18789,21178,39967
2016-11-16,1201,1236,2437,19311,21667,40978
2016-11-17,854,1046,1900,19604,22047,41651
2016-11-18,515,831,1346,19838,22380,42218
2016-11-21,599,862,1461,19893,22858,42751
2016-11-22,1046,654,1700,20105,23101,43206
2016-11-23,488,1089,1577,20219,23347,43566
2016-11-25,768,438,1206,20517,23466,43983
2016-11-28,894,1019,1913,20678,23727,44405
2016-11-29,1501,1614,3115,21117,23978,45095
2016-11-30,1501,1568,3069,21222,24194,45416
2016-12-01,2969,2151,5120,21640,24555,46195
2016-12-02,1230,1615,2845,22026,25032,47058
2016-12-05,1158,1891,3049,22328,25391,47719
2016-12-06,465,1199,1664,22423,25558,47981
2016-12-07,2196,1406,3602,22348,25719,48067
2016-12-08,1777,1721,3498,22154,25907,48061
2016-12-09,2260,1374,3634,6479,9683,16162
2016-12-12,390,519,909,6482,10039,16521
2016-12-13,273,217,490,6655,10176,16831
2016-12-14,904,562,1466,6550,10505,17055
2016-12-15,2385,2341,4726,7550,11624,19174
2016-12-16,640,266,906,7830,11724,19554
2016-12-19,454,277,731,8070,11841,19911
2016-12-20,362,143,505,8255,11851,20106
2016-12-21,417,439,856,8399,11817,20216
2016-12-22,1219,1427,2646,8567,12635,21202
2016-12-23,818,1100,1918,8612,13365,21977
2016-12-27,801,205,1006,8578,13462,22040
2016-12-28,339,424,763,8669,13600,22269
2016-12-29,346,216,562,8722,13668,22390
2016-12-30,227,260,487,8638,13843,22481
2017-01-03,119,326,445,8646,14079,22725
2017-01-04,756,839,1595,8797,14408,23205
2017-01-05,1129,1250,2379,8985,14752,23737
2017-01-06,1595,1547,3142,10092,15265,25357
2017-01-09,625,505,1130,10344,15548,25892
2017-01-10,386,1142,1528,10566,15846,26412
2017-01-11,1748,1841,3589,11304,16190,27494
2017-01-12,1686,1866,3552,11140,16493,27633
2017-01-13,1039,409,1448,11694,16675,28369
2017-01-17,912,1536,2448,11999,17724,29723
2017-01-18,3550,1735,5285,14132,18022,32154
2017-01-19,879,1357,2236,14300,18297,32597
2017-01-20,856,636,1492,14615,18537,33152
2017-01-23,409,785,1194,14659,18867,33526
2017-01-24,1184,1982,3166,15002,19730,34732
2017-01-25,1422,1375,2797,15662,20587,36249
2017-01-26,805,1195,2000,15933,21085,37018
2017-01-27,685,920,1605,16333,21399,37732
2017-01-30,147,361,508,16374,21520,37894
2017-01-31,1154,1036,2190,16834,21863,38697
2017-02-01,680,1178,1858,0,0,0
2017-02-02,675,1113,1788,17478,23175,40653
2017-02-03,724,1487,2211,17794,23748,41542
2017-02-06,582,1946,2528,17846,23427,41273
2017-02-07,450,418,868,18023,23502,41525
2017-02-08,369,981,1350,18130,23813,41943
2017-02-09,374,290,664,18374,23877,42251
2017-02-10,195,340,535,18381,23906,42287
2017-02-13,225,320,545,18394,23760,42154
2017-02-14,1243,719,1962,18273,23610,41883
2017-02-15,696,684,1380,18246,23358,41604
2017-02-16,370,896,1266,18466,23229,41695
2017-02-17,802,1576,2378,18397,23453,41850
2017-02-21,1426,841,2267,18144,23537,41681
2017-02-22,1147,2515,3662,18147,23039,41186
2017-02-23,658,1238,1896,18352,23144,41496
2017-02-24,1205,1713,2918,18724,23777,42501
2017-02-27,1818,363,2181,19499,23670,43169
2017-02-28,3126,1773,4899,19777,23697,43474
2017-03-01,2356,2409,4765,19588,24010,43598
2017-03-02,1505,1821,3326,20107,24619,44726
2017-03-03,1575,1025,2600,4413,5683,10096
2017-03-06,575,495,1070,4608,5987,10595
2017-03-07,690,914,1604,4744,6430,11174
2017-03-08,730,712,1442,4859,6398,11257
2017-03-09,1090,757,1847,4993,6675,11668
2017-03-10,443,339,782,4973,6827,11800
2017-03-13,370,202,572,5025,6998,12023
2017-03-14,228,190,418,5002,7052,12054
2017-03-15,508,1096,1604,4822,7119,11941
2017-03-16,485,913,1398,4935,6990,11925
2017-03-17,207,498,705,5091,7084,12175
2017-03-20,296,200,496,5134,7065,12199
2017-03-21,461,716,1177,5099,7366,12465
2017-03-22,402,536,938,5161,7556,12717
2017-03-23,100,171,271,5172,7598,12770
2017-03-24,217,313,530,5285,7740,13025
2017-03-27,104,130,234,5336,7788,13124
2017-03-28,86,102,188,5317,7764,13081
2017-03-29,49,239,288,5357,7766,13123
2017-03-30,244,894,1138,5348,8385,13733
2017-03-31,325,259,584,5607,8463,14070
2017-04-03,381,234,615,5744,8372,14116
2017-04-04,263,811,1074,5890,8039,13929
2017-04-05,262,83,345,5935,8062,13997
2017-04-06,85,91,176,5943,8067,14010
2017-04-07,70,278,348,5943,8160,14103
2017-04-10,688,386,1074,6264,8146,14410
2017-04-11,247,613,860,6351,8416,14767
2017-04-12,329,331,660,6380,8425,14805
2017-04-13,1045,1314,2359,6876,8622,15498
2017-04-17,99,541,640,6952,8849,15801
2017-04-18,1364,153,1517,8024,8862,16886
2017-04-19,663,587,1250,8198,8987,17185
2017-04-20,459,579,1038,8321,9029,17350
2017-04-21,902,1062,1964,8739,9561,18300
2017-04-24,422,335,757,8791,9674,18465
2017-04-25,1076,1263,2339,9023,9913,18936
2017-04-26,812,927,1739,9510,9589,19099
2017-04-27,1761,1209,2970,9180,9874,19054
2017-04-28,1329,608,1937,9549,9940,19489
2017-05-01,849,297,1146,10106,10022,20128
2017-05-02,1801,1897,3698,11361,11176,22537
2017-05-03,771,146,917,11902,11219,23121
2017-05-04,1282,660,1942,12130,11443,23573
2017-05-05,1106,2109,3215,12570,11842,24412
2017-05-08,499,430,929,12882,11853,24735
2017-05-09,1570,968,2538,13605,11820,25425
2017-05-10,885,520,1405,14094,11987,26081
2017-05-11,1571,1869,3440,14935,13188,28123
2017-05-12,578,340,918,15289,13391,28680
2017-05-15,1159,882,2041,15315,13743,29058
2017-05-16,1514,1203,2717,15300,14238,29538
2017-05-17,873,1343,2216,15010,14979,29989
2017-05-18,290,536,826,15166,15171,30337
2017-05-19,900,1022,1922,15428,15590,31018
2017-05-22,1288,858,2146,14635,15706,30341
2017-05-23,6062,1941,8003,13625,16045,29670
2017-05-24,999,1176,2175,13422,16248,29670
2017-05-25,1595,695,2290,13370,16509,29879
2017-05-26,1048,269,1317,13183,16678,29861
2017-05-30,448,518,966,13133,16673,29806
2017-05-31,175,584,759,13151,16621,29772
2017-06-01,919,900,1819,13591,17120,30711
2017-06-02,1322,1016,2338,14307,17706,32013
2017-06-05,588,493,1081,14371,17723,32094
2017-06-06,564,708,1272,14298,17536,31834
2017-06-07,929,685,1614,14302,17357,31659
2017-06-08,295,434,729,14353,17331,31684
2017-06-09,993,1026,2019,0,0,0
2017-06-12,0,0,0,0,0,0
2017-06-13,6268,6112,12380,25352,23838,49190
2017-06-14,4018,2904,6922,26243,24955,51198
2017-06-15,1063,1361,2424,26575,25542,52117
2017-06-16,1711,810,2521,26788,26044,52832
2017-06-19,1238,1183,2421,27194,26479,53673
2017-06-20,2391,2731,5122,27987,27856,55843
2017-06-21,2788,4055,6843,28800,29907,58707
2017-06-22,3364,2758,6122,29509,30931,60440
2017-06-23,1993,1750,3743,29233,31488,60721
2017-06-26,1637,1054,2691,29316,32030,61346
2017-06-27,3114,2154,5268,30263,32597,62860
2017-06-28,5806,7682,13488,31165,35246,66411
2017-06-29,4472,4859,9331,31986,36461,68447
2017-06-30,2563,3370,5933,33246,38083,71329
2017-07-03,1606,2684,4290,34253,39358,73611
2017-07-05,4826,3855,8681,36670,40605,77275
2017-07-06,2332,2933,5265,37034,42205,79239
2017-07-07,4397,3703,8100,27027,29720,56747
2017-07-10,1794,2207,4001,27837,30726,58563
2017-07-11,5441,3338,8779,31473,32370,63843
2017-07-12,6145,8969,15114,33493,35539,69032
2017-07-13,3384,4810,8194,34994,37311,72305
2017-07-14,2126,5617,7743,35851,40358,76209
2017-07-17,1744,4468,6212,36566,42029,78595
2017-07-18,1111,3857,4968,36765,43060,79825
2017-07-19,3437,4726,8163,38285,45415,83700
2017-07-20,1156,3761,4917,38684,47150,85834
2017-07-21,3005,5641,8646,39140,49552,88692
2017-07-24,3099,4885,7984,40353,51601,91954
2017-07-25,1657,4241,5898,40440,53131,93571
2017-07-26,4851,4100,8951,42298,53998,96296
2017-07-27,3292,4189,7481,43180,54943,98123
2017-07-28,4411,4818,9229,44638,56344,100982
2017-07-31,2241,3387,5628,45874,57873,103747
2017-08-01,1757,2516,4273,46610,59453,106063
2017-08-02,3172,3440,6612,47082,61026,108108
2017-08-03,2504,3204,5708,47690,61786,109476
2017-08-04,3032,3321,6353,33817,43270,77087
2017-08-07,2341,2006,4347,34864,43695,78559
2017-08-08,1944,1777,3721,35860,44139,79999
2017-08-09,1486,2318,3804,36723,45083,81806
2017-08-10,1420,1786,3206,37399,45856,83255
2017-08-11,2285,1829,4114,38263,46608,84871
2017-08-14,1269,1484,2753,38580,47202,85782
2017-08-15,2730,3273,6003,38868,48667,87535
2017-08-16,3160,1512,4672,40357,48994,89351
2017-08-17,3346,4239,7585,41552,50216,91768
2017-08-18,2587,3455,6042,42301,50589,92890
2017-08-21,656,865,1521,42448,50859,93307
2017-08-22,1748,1740,3488,43304,51295,94599
2017-08-23,927,665,1592,43761,51452,95213
2017-08-24,968,2894,3862,44105,52158,96263
2017-08-25,1232,1703,2935,44707,52898,97605
2017-08-28,1466,1559,3025,45161,53285,98446
2017-08-29,1448,1712,3160,45280,53973,99253
2017-08-30,2281,2034,4315,46112,54767,100879
2017-08-31,5024,4916,9940,47844,56674,104518
2017-09-01,8336,7259,15595,48276,58272,106548
2017-09-05,3760,4167,7927,49386,60026,109412
2017-09-06,10291,13001,23292,51627,65746,117373
2017-09-07,7054,9496,16550,54113,69426,123539
2017-09-08,5369,6991,12360,30056,38482,68538
2017-09-11,3353,4705,8058,31283,40116,71399
2017-09-12,3353,4277,7630,32650,42205,74855
2017-09-13,1526,2645,4171,33238,43314,76552
2017-09-14,2377,3396,5773,33664,45055,78719
2017-09-15,2403,3643,6046,34803,47103,81906
2017-09-18,1953,2745,4698,35598,48656,84254
2017-09-19,3105,1881,4986,37128,49497,86625
2017-09-20,2889,3520,6409,38612,51307,89919
2017-09-21,3034,5483,8517,39062,51846,90908
2017-09-22,3098,2179,5277,39405,51939,91344
2017-09-25,2099,2166,4265,39643,51652,91295
2017-09-26,2172,3948,6120,40010,52446,92456
2017-09-27,4753,2440,7193,41412,52916,94328
2017-09-28,3425,3420,6845,43143,53716,96859
2017-09-29,5188,6782,11970,44535,54898,99433
2017-10-02,1997,1273,3270,44925,54832,99757
2017-10-03,2964,893,3857,45901,54823,100724
2017-10-04,1313,1157,2470,46286,54530,100816
2017-10-05,5047,5467,10514,47429,54939,102368
2017-10-06,2998,2512,5510,29981,36266,66247
2017-10-09,920,866,1786,30292,36819,67111
2017-10-10,2300,2331,4631,31222,37905,69127
2017-10-11,2129,1293,3422,32182,38649,70831
2017-10-12,2364,1886,4250,33131,38667,71798
2017-10-13,2564,2024,4588,34519,39723,74242
2017-10-16,1433,2885,4318,35018,41408,76426
2017-10-17,3374,2597,5971,36955,42985,79940
2017-10-18,3274,2734,6008,38378,44264,82642
2017-10-19,1071,1194,2265,38625,44750,83375
2017-10-20,3107,4961,8068,40434,46238,86672
2017-10-23,3160,2379,5539,41558,46352,87910
2017-10-24,2247,2632,4879,42358,46510,88868
2017-10-25,5703,9481,15184,43013,48224,91237
2017-10-26,4072,4358,8430,44665,49297,93962
2017-10-27,4981,7430,12411,46247,49753,96000
2017-10-30,2614,1841,4455,47398,50084,97482
2017-10-31,3844,3383,7227,47689,50038,97727
2017-11-01,1674,1268,2942,47593,50004,97597
2017-11-02,2001,2044,4045,47962,50920,98882
2017-11-03,3144,2792,5936,32555,35813,68368
2017-11-06,3996,1257,5253,35419,36609,72028
2017-11-07,2472,1357,3829,36708,37154,73862
2017-11-08,6045,2221,8266,35369,37874,73243
2017-11-09,2144,2527,4671,35780,37162,72942
2017-11-10,1097,2333,3430,36243,38443,74686
2017-11-13,611,395,1006,36486,38595,75081
2017-11-14,1143,4867,6010,36760,41467,78227
2017-11-15,1456,1379,2835,36805,42225,79030
2017-11-16,1251,815,2066,37106,42460,79566
2017-11-17,1758,1764,3522,37660,43335,80995
2017-11-20,1367,549,1916,37818,43490,81308
2017-11-21,3017,1021,4038,38887,43633,82520
2017-11-22,1080,837,1917,39239,43871,83110
2017-11-24,1510,979,2489,39545,44363,83908
2017-11-27,2023,2155,4178,40656,44864,85520
2017-11-28,1756,1341,3097,40892,45169,86061
2017-11-29,1645,3741,5386,41157,47427,88584
2017-11-30,2089,2455,4544,41757,48119,89876
2017-12-01,6230,5709,11939,42793,50368,93161
2017-12-04,2551,3913,6464,43090,52254,95344
2017-12-05,3057,2940,5997,42724,52338,95062
2017-12-06,4875,3540,8415,42896,52989,95885
2017-12-07,5148,3597,8745,44128,52769,96897
2017-12-08,4164,3825,7989,21875,26943,48818
2017-12-11,890,688,1578,22251,27235,49486
2017-12-12,1461,3217,4678,22479,29078,51557
2017-12-13,2837,2923,5760,23496,30334,53830
2017-12-14,1966,3145,5111,23626,32295,55921
2017-12-15,3130,3498,6628,24487,33126,57613
2017-12-18,1038,2530,3568,24918,33989,58907
2017-12-19,1667,1030,2697,24922,34018,58940
2017-12-20,1705,1063,2768,25307,34685,59992
2017-12-21,2304,4882,7186,25295,35843,61138
2017-12-22,820,1265,2085,25138,35902,61040
2017-12-26,381,394,775,25252,36024,61276
2017-12-27,2125,2413,4538,25590,36690,62280
2017-12-28,1915,2670,4585,25908,38123,64031
2017-12-29,2788,2837,5625,26465,38890,65355
2018-01-02,2265,1340,3605,27200,39536,66736
2018-01-03,1421,1698,3119,27663,39679,67342
2018-01-04,3974,1999,5973,28685,40617,69302
2018-01-05,6076,5905,11981,19609,27096,46705
2018-01-08,1355,2240,3595,20204,27960,48164
2018-01-09,1584,1624,3208,20850,28550,49400
2018-01-10,3204,2795,5999,21993,29181,51174
2018-01-11,3002,1925,4927,23146,29691,52837
2018-01-12,2210,2509,4719,23996,30509,54505
2018-01-16,2517,2536,5053,24808,31674,56482
2018-01-17,3021,2854,5875,26173,32849,59022
2018-01-18,2019,2633,4652,26835,33783,60618
2018-01-19,1060,1225,2285,27148,34465,61613
2018-01-22,786,489,1275,27409,34736,62145
2018-01-23,1804,1977,3781,27904,36243,64147
2018-01-24,2332,2922,5254,28283,37049,65332
2018-01-25,1747,1896,3643,28920,37896,66816
2018-01-26,1388,1205,2593,29512,38407,67919
2018-01-29,1197,5146,6343,30236,40964,71200
2018-01-30,1929,1635,3564,30887,41867,72754
2018-01-31,4101,3849,7950,31716,43288,75004
2018-02-01,5205,2565,7770,32492,44333,76825
2018-02-02,4707,4555,9262,32430,45709,78139
2018-02-05,3644,4316,7960,33230,45845,79075
2018-02-06,1689,4784,6473,33424,46739,80163
2018-02-07,3117,3514,6631,34759,47312,82071
2018-02-08,4549,6085,10634,36840,47789,84629
2018-02-09,2908,3437,6345,23920,29823,53743
2018-02-12,943,1044,1987,24453,30291,54744
2018-02-13,2685,1702,4387,25287,30817,56104
2018-02-14,2522,766,3288,26514,31205,57719
2018-02-15,3074,1458,4532,27746,32038,59784
2018-02-16,775,835,1610,28072,32410,60482
2018-02-20,2417,1566,3983,29141,32875,62016
2018-02-21,1548,1347,2895,29826,33354,63180
2018-02-22,1224,1076,2300,30203,33492,63695
2018-02-23,1210,1513,2723,30641,34374,65015
2018-02-26,1672,1284,2956,31334,35154,66488
2018-02-27,2799,6806,9605,32715,36894,69609
2018-02-28,3576,2914,6490,34797,37868,72665
2018-03-01,2559,3064,5623,35876,39226,75102
2018-03-02,2092,2953,5045,36668,40596,77264
2018-03-05,2223,7454,9677,37567,42602,80169
2018-03-06,3968,5422,9390,39663,44169,83832
2018-03-07,5392,10372,15764,42287,47866,90153
2018-03-08,1794,1685,3479,42890,47308,90198
2018-03-09,2691,2115,4806,24219,27295,51514
2018-03-12,1175,2851,4026,24702,28400,53102
2018-03-13,2450,3088,5538,25650,29577,55227
2018-03-14,1053,1315,2368,26260,30098,56358
2018-03-15,1908,5710,7618,26958,32762,59720
2018-03-16,1637,2498,4135,27109,33141,60250
2018-03-19,1287,1028,2315,27869,33561,61430
2018-03-20,1396,592,1988,28565,33738,62303
2018-03-21,2783,2120,4903,29550,34641,64191
2018-03-22,1756,3200,4956,29974,35946,65920
2018-03-23,3607,3615,7222,31386,35418,66804
2018-03-26,1098,787,1885,31848,35636,67484
2018-03-27,1509,1745,3254,32601,36221,68822
2018-03-28,1070,1219,2289,32942,36615,69557
2018-03-29,1946,1901,3847,33984,37049,71033
2018-04-02,2017,1316,3333,34466,37471,71937
2018-04-03,4054,6723,10777,34936,39457,74393
2018-04-04,2282,1487,3769,35819,39952,75771
2018-04-05,3364,2254,5618,36512,40154,76666
2018-04-06,2900,4159,7059,24313,23754,48067
2018-04-09,2506,1367,3873,25080,24006,49086
2018-04-10,3231,4311,7542,26103,24956,51059
2018-04-11,1946,1725,3671,26567,25784,52351
2018-04-12,381,1537,1918,26543,26637,53180
2018-04-13,1430,2232,3662,27113,27812,54925
2018-04-16,1721,331,2052,27361,27944,55305
2018-04-17,2116,1609,3725,27898,28768,56666
2018-04-18,2324,2870,5194,28653,29708,58361
2018-04-19,2288,897,3185,29533,29808,59341
2018-04-20,1613,1738,3351,29970,29983,59953
2018-04-23,2489,1225,3714,30957,30174,61131
2018-04-24,1618,2536,4154,30749,31747,62496
2018-04-25,2042,2961,5003,31429,32375,63804
2018-04-26,941,976,1917,31782,32768,64550
2018-04-27,3392,2372,5764,33762,33484,67246
2018-04-30,468,1172,1640,33906,34234,68140
2018-05-01,2358,1619,3977,34876,34567,69443
2018-05-02,1778,2796,4574,35514,35339,70853
2018-05-03,1414,2939,4353,35835,36082,71917
2018-05-04,2868,2401,5269,23140,24519,47659
2018-05-07,1031,512,1543,23813,24734,48547
2018-05-08,2729,3156,5885,25487,26501,51988
2018-05-09,3220,1633,4853,27549,27341,54890
2018-05-10,2942,1407,4349,28100,27724,55824
2018-05-11,1522,1242,2764,28639,28421,57060
2018-05-14,960,2147,3107,29099,28201,57300
2018-05-15,1127,2483,3610,29407,27709,57116
2018-05-16,968,1040,2008,29602,27981,57583
2018-05-17,2103,1299,3402,30601,28489,59090
2018-05-18,1542,1374,2916,30896,29258,60154
2018-05-21,1523,632,2155,31619,29357,60976
2018-05-22,913,1452,2365,31965,30315,62280
2018-05-23,4294,4212,8506,33920,31806,65726
2018-05-24,2587,1218,3805,34339,32369,66708
2018-05-25,4259,890,5149,36749,32533,69282
2018-05-29,1399,723,2122,37138,32430,69568
2018-05-30,2153,2526,4679,37223,33364,70587
2018-05-31,3449,5016,8465,38234,35942,74176
2018-06-01,2875,2005,4880,39511,36173,75684
2018-06-04,848,1803,2651,39852,36767,76619
2018-06-05,4815,2895,7710,41761,37205,78966
2018-06-06,4208,1979,6187,43442,38118,81560
2018-06-07,2164,820,2984,43794,38184,81978
2018-06-08,2443,1737,4180,21031,19354,40385
2018-06-11,1610,739,2349,22200,19842,42042
2018-06-12,1870,1834,3704,23271,20821,44092
2018-06-13,1817,1197,3014,24387,21553,45940
