2014-07-25,12287,8872,21159,101417,124825,226242
2014-07-28,5989,4858,10847,102020,125660,227680
2014-07-29,12137,9390,21527,104208,126899,231107
2014-07-30,17100,20873,37973,110074,130443,240517
2014-07-31,15129,16066,31195,118471,137000,255471
2014-08-01,15292,13058,28350,123601,139899,263500
2014-08-04,3895,5256,9151,123941,139746,263687
2014-08-05,13405,13957,27362,126835,142827,269662
2014-08-06,10515,13874,24389,128729,143147,271876
2014-08-07,12183,17063,29246,131728,149071,280799
2014-08-08,15227,12484,27711,103955,119798,223753
2014-08-11,6366,6652,13018,106611,121867,228478
2014-08-12,8811,10465,19276,108677,123117,231794
2014-08-13,7590,10441,18031,110957,126364,237321
2014-08-14,12964,13086,26050,114274,129260,243534
2014-08-15,6228,11770,17998,116370,133614,249984
2014-08-18,5865,10264,16129,117345,136646,253991
2014-08-19,7355,13743,21098,119724,141510,261234
2014-08-20,10550,14245,24795,122838,145369,268207
2014-08-21,8761,6688,15449,125593,147038,272631
2014-08-22,11015,16517,27532,129504,149071,278575
2014-08-25,17282,22400,39682,135312,154282,289594
2014-08-26,14017,28990,43007,139290,161383,300673
2014-08-27,16094,13803,29897,145472,164512,309984
2014-08-28,12771,12248,25019,149133,166001,315134
2014-08-29,13282,18728,32010,153969,169636,323605
2014-09-02,22518,29574,52092,163020,174346,337366
2014-09-03,31200,14710,45910,180106,176220,356326
2014-09-04,52463,76655,129118,196451,180104,376555
2014-09-05,30939,33602,64541,111946,125740,237686
2014-09-08,27112,23416,50528,122186,130468,252654
2014-09-09,24887,25234,50121,133869,135457,269326
2014-09-10,12957,14557,27514,136146,139302,275448
2014-09-11,9964,6953,16917,138937,140024,278961
2014-09-12,9090,11890,20980,139769,142907,282676
2014-09-15,10823,12262,23085,141296,143834,285130
2014-09-16,8846,10370,19216,144114,147254,291368
2014-09-17,14628,14979,29607,147595,149128,296723
2014-09-18,17743,10689,28432,151804,151005,302809
2014-09-19,14559,22603,37162,154581,154624,309205
2014-09-22,16986,19501,36487,158355,160171,318526
2014-09-23,10523,10621,21144,162001,163926,325927
2014-09-24,16766,19448,36214,166270,165430,331700
2014-09-25,23189,28856,52045,174782,170995,345777
2014-09-26,19056,22036,41092,181750,173764,355514
2014-09-29,15380,14306,29686,184638,176395,361033
2014-09-30,37972,35268,73240,189943,180232,370175
2014-10-01,22087,23606,45693,195746,185737,381483
2014-10-02,27594,26833,54427,202326,188315,390641
2014-10-03,26236,38367,64603,139186,131945,271131
2014-10-06,24989,15031,40020,148923,135343,284266
2014-10-07,16112,13324,29436,153526,138595,292121
2014-10-08,17478,16128,33606,154098,142192,296290
2014-10-09,16399,16885,33284,156514,147534,304048
2014-10-10,13956,11384,25340,157237,149279,306516
2014-10-13,7515,9901,17416,159226,153661,312887
2014-10-14,6385,9427,15812,160475,155373,315848
2014-10-15,32005,18864,50869,165852,159168,325020
2014-10-16,15117,17520,32637,167828,164293,332121
2014-10-17,7202,15984,23186,168610,167378,335988
2014-10-20,5673,10784,16457,170692,170815,341507
2014-10-21,11134,17962,29096,174165,175435,349600
2014-10-22,10008,12856,22864,176040,179591,355631
2014-10-23,6904,12850,19754,176604,183180,359784
2014-10-24,5271,5620,10891,176388,184292,360680
2014-10-27,5716,9624,15340,178336,187919,366255
2014-10-28,9319,18130,27449,178236,194249,372485
2014-10-29,16719,23085,39804,181103,199311,380414
2014-10-30,15130,19823,34953,182501,201603,384104
2014-10-31,27597,42695,70292,190353,209100,399453
2014-11-03,22859,26353,49212,196700,213623,410323
2014-11-04,12079,17646,29725,198652,219193,417845
2014-11-05,12942,22503,35445,202147,223731,425878
2014-11-06,39712,50837,90549,211613,227715,439328
2014-11-07,25124,32978,58102,144131,160379,304510
2014-11-10,12499,11378,23877,148013,162508,310521
2014-11-11,7681,10591,18272,149462,164223,313685
2014-11-12,16088,12633,28721,154884,167374,322258
2014-11-13,7874,8697,16571,157299,168915,326214
2014-11-14,14646,9035,23681,159803,169111,328914
2014-11-17,6114,5261,11375,160567,169977,330544
2014-11-18,10573,8580,19153,162387,171634,334021
2014-11-19,8634,10554,19188,163678,173784,337462
2014-11-20,8236,11438,19674,165773,177206,342979
2014-11-21,24861,29104,53965,172838,180888,353726
2014-11-24,12542,20914,33456,177843,188773,366616
2014-11-25,7960,15637,23597,180621,189668,370289
2014-11-26,12602,14760,27362,181938,193631,375569
2014-11-28,13439,15544,28983,186688,195405,382093
2014-12-01,11010,11175,22185,191094,197470,388564
2014-12-02,16487,27970,44457,195495,202390,397885
2014-12-03,40106,50129,90235,210340,204719,415059
2014-12-04,34442,44380,78822,217557,211583,429140
2014-12-05,23029,42883,65912,98356,113707,212063
2014-12-08,20145,22022,42167,108696,120573,229269
2014-12-09,16294,21087,37381,114253,126323,240576
2014-12-10,8342,10635,18977,116176,128734,244910
2014-12-11,9025,15140,24165,118921,132186,251107
2014-12-12,9234,12304,21538,120769,137489,258258
2014-12-15,7121,7430,14551,123643,138899,262542
2014-12-16,18659,21988,40647,124459,145998,270457
2014-12-17,15517,23084,38601,126743,148590,275333
2014-12-18,18425,31711,50136,128417,154072,282489
2014-12-19,19184,18807,37991,132813,155295,288108
2014-12-22,15423,17547,32970,137224,155918,293142
2014-12-23,21608,19541,41149,140069,157907,297976
2014-12-24,5000,8267,13267,141288,160383,301671
2014-12-26,5588,6091,11679,142424,161706,304130
2014-12-29,12900,17592,30492,147219,165065,312284
2014-12-30,10195,8803,18998,149080,165740,314820
2014-12-31,13292,11157,24449,153094,168447,321541
2015-01-02,23307,27278,50585,158299,171034,329333
2015-01-05,32689,57470,90159,168546,179648,348194
2015-01-06,23192,22822,46014,176225,183258,359483
2015-01-07,28374,39561,67935,184073,185595,369668
2015-01-08,23326,34707,58033,191970,192695,384665
2015-01-09,22171,25613,47784,124165,138116,262281
2015-01-12,7302,10466,17768,126665,141577,268242
2015-01-13,11820,24328,36148,131071,148571,279642
2015-01-14,11431,14224,25655,135191,151828,287019
2015-01-15,29892,49413,79305,144158,161467,305625
2015-01-16,32537,42178,74715,150031,167505,317536
2015-01-20,24020,28347,52367,155420,170589,326009
2015-01-21,33561,23479,57040,165254,175128,340382
2015-01-22,41921,33868,75789,174285,179808,354093
2015-01-23,45188,73579,118767,189935,188838,378773
2015-01-26,22345,20141,42486,200547,196195,396742
2015-01-27,21725,19474,41199,206058,202099,408157
2015-01-28,24367,20943,45310,210453,205720,416173
2015-01-29,12479,14305,26784,214482,208429,422911
2015-01-30,10946,28250,39196,217463,218356,435819
2015-02-02,12851,17376,30227,221035,221820,442855
2015-02-03,31595,28982,60577,225597,223443,449040
2015-02-04,14799,23711,38510,228819,228974,457793
2015-02-05,17600,29329,46929,230106,238216,468322
2015-02-06,19446,31237,50683,142555,164207,306762
2015-02-09,10458,17999,28457,145807,167642,313449
2015-02-10,11363,14087,25450,147571,170599,318170
2015-02-11,7241,12341,19582,149092,175685,324777
2015-02-12,13133,13844,26977,153740,178555,332295
2015-02-13,9021,10683,19704,156575,181510,338085
2015-02-17,12503,12596,25099,160122,185623,345745
2015-02-18,5841,12413,18254,161406,188578,349984
2015-02-19,10115,12799,22914,164659,193080,357739
2015-02-20,17225,20274,37499,168875,197652,366527
2015-02-23,6852,10115,16967,169714,196867,366581
2015-02-24,11969,16310,28279,172502,199318,371820
2015-02-25,10681,12100,22781,173564,200578,374142
2015-02-26,20481,28728,49209,178262,203702,381964
2015-02-27,15580,30337,45917,183427,212216,395643
2015-03-02,13504,16780,30284,186931,215456,402387
2015-03-03,16703,20207,36910,190788,218858,409646
2015-03-04,23955,37881,61836,198045,219720,417765
2015-03-05,29178,44206,73384,205594,223366,428960
2015-03-06,30916,57533,88449,94366,117447,211813
2015-03-09,10454,20162,30616,97767,126164,223931
2015-03-10,32172,53372,85544,111327,136916,248243
2015-03-11,30894,46533,77427,122728,145161,267889
2015-03-12,25843,32223,58066,132758,154644,287402
2015-03-13,26285,38899,65184,139605,162739,302344
2015-03-16,10459,19484,29943,141300,166948,308248
2015-03-17,19714,23636,43350,147672,173668,321340
2015-03-18,38271,27555,65826,152618,175702,328320
2015-03-19,22368,32372,54740,156412,178964,335376
2015-03-20,38039,28698,66737,161537,185830,347367
2015-03-23,42675,43075,85750,167267,194984,362251
2015-03-24,24002,37250,61252,172426,199966,372392
2015-03-25,16105,31440,47545,175488,209428,384916
2015-03-26,13927,31877,45804,176674,214091,390765
2015-03-27,16317,29173,45490,177192,217924,395116
2015-03-30,15067,25789,40856,178901,225129,404030
2015-03-31,19654,32407,52061,181936,226622,408558
2015-04-01,17488,29292,46780,186073,229390,415463
2015-04-02,26777,28252,55029,118397,158870,277267
2015-04-03,11129,9934,21063,121464,161419,282883
2015-04-06,18754,20636,39390,124620,167112,291732
2015-04-07,18843,16855,35698,129695,172536,302231
2015-04-08,15033,24615,39648,132289,172122,304411
2015-04-09,31440,23626,55066,136929,174264,311193
2015-04-10,24771,25418,50189,142097,177082,319179
2015-04-13,22626,27014,49640,146587,184588,331175
2015-04-14,21512,29405,50917,152116,189280,341396
2015-04-15,18112,18718,36830,153769,190453,344222
2015-04-16,27332,20077,47409,158126,190932,349058
2015-04-17,19418,19551,38969,161816,194240,356056
2015-04-20,15321,9840,25161,163722,194935,358657
2015-04-21,13691,15654,29345,166834,197243,364077
2015-04-22,8266,7641,15907,168586,199563,368149
2015-04-23,12491,24266,36757,170782,205976,376758
2015-04-24,15646,20494,36140,173604,209138,382742
2015-04-27,20157,23382,43539,179956,212527,392483
2015-04-28,18175,24465,42640,180366,214892,395258
2015-04-29,48239,59110,107349,185131,224169,409300
2015-04-30,42593,55973,98566,186950,236011,422961
2015-05-01,21871,21790,43661,187521,241047,428568
2015-05-04,14613,17832,32445,189574,245581,435155
2015-05-05,17499,15377,32876,191304,248623,439927
2015-05-06,39389,51851,91240,196275,259345,455620
2015-05-07,20437,28388,48825,198680,268084,466764
2015-05-08,31224,43657,74881,137668,183971,321639
2015-05-11,14370,17218,31588,141026,187411,328437
2015-05-12,13294,24942,38236,142154,195563,337717
2015-05-13,24172,37399,61571,148764,199335,348099
2015-05-14,18354,27346,45700,152210,208317,360527
2015-05-15,14416,30476,44892,155060,213918,368978
2015-05-18,14660,31323,45983,156518,224074,380592
2015-05-19,26754,38890,65644,163735,228859,392594
2015-05-20,18563,23388,41951,165335,231452,396787
2015-05-21,7929,14437,22366,165594,233512,399106
2015-05-22,22007,30418,52425,170385,233376,403761
2015-05-26,29011,33987,62998,176106,238334,414440
2015-05-27,25136,24930,50066,180625,239857,420482
2015-05-28,26206,20317,46523,187609,244094,431703
2015-05-29,17734,19005,36739,191906,247216,439122
2015-06-01,16255,30994,47249,194496,258119,452615
2015-06-02,39861,42576,82437,200594,265722,466316
2015-06-03,42000,35291,77291,205837,269904,475741
2015-06-04,49723,57734,107457,208856,281640,490496
2015-06-05,41400,46051,87451,98773,150939,249712
2015-06-08,21237,27681,48918,102883,159461,262344
2015-06-09,13685,13070,26755,105731,164447,270178
2015-06-10,14054,10681,24735,106858,166780,273638
2015-06-11,10149,14459,24608,109601,169902,279503
2015-06-12,8262,11994,20256,112507,171254,283761
2015-06-15,15978,12347,28325,118373,173234,291607
2015-06-16,8452,11305,19757,120466,175747,296213
2015-06-17,15430,40898,56328,123332,179319,302651
2015-06-18,21712,31595,53307,128902,186767,315669
2015-06-19,14557,23015,37572,134322,192142,326464
2015-06-22,11120,20589,31709,135648,196778,332426
2015-06-23,25254,35662,60916,137428,200307,337735
2015-06-24,12715,15946,28661,139658,201288,340946
2015-06-25,13118,11523,24641,142968,204500,347468
2015-06-26,23550,19837,43387,149823,208626,358449
2015-06-29,24609,38357,62966,153943,212572,366515
2015-06-30,14469,28595,43064,155871,219281,375152
2015-07-01,18623,26202,44825,158011,225156,383167
2015-07-02,23534,33754,57288,100023,144061,244084
2015-07-06,12766,18371,31137,103118,149957,253075
2015-07-07,12244,23526,35770,105601,157482,263083
2015-07-08,6206,6828,13034,107707,159596,267303
2015-07-09,11466,6440,17906,110988,161005,271993
2015-07-10,12998,24731,37729,112429,169353,281782
2015-07-13,14157,11278,25435,115022,171522,286544
2015-07-14,7492,6127,13619,115426,172617,288043
2015-07-15,12311,15818,28129,116385,176831,293216
2015-07-16,12418,15361,27779,118781,180793,299574
2015-07-17,15988,14780,30768,123198,182093,305291
2015-07-20,13858,7906,21764,125824,181341,307165
2015-07-21,14517,12831,27348,129252,182552,311804
2015-07-22,11655,12966,24621,131289,186793,318082
2015-07-23,14365,16156,30521,133998,190027,324025
2015-07-24,6952,7798,14750,136010,191504,327514
2015-07-27,20129,18342,38471,140092,194964,335056
2015-07-28,9557,8399,17956,141552,195612,337164
2015-07-29,13452,19288,32740,142234,200953,343187
2015-07-30,14226,16854,31080,143409,203532,346941
2015-07-31,21044,23205,44249,147754,209112,356866
2015-08-03,9574,14215,23789,149400,211572,360972
2015-08-04,10408,19469,29877,150262,214394,364656
2015-08-05,15539,24922,40461,154629,216209,370838
2015-08-06,14036,16316,30352,158337,217418,375755
2015-08-07,34206,32624,66830,103246,155810,259056
2015-08-10,20679,11771,32450,112243,158948,271191
2015-08-11,12920,19372,32292,117493,165265,282758
2015-08-12,18365,26175,44540,121202,170713,291915
2015-08-13,9993,11878,21871,123833,174354,298187
2015-08-14,5789,9444,15233,124362,176587,300949
2015-08-17,5601,8520,14121,125535,179093,304628
2015-08-18,9882,13270,23152,127788,179712,307500
2015-08-19,10227,9718,19945,130445,181855,312300
2015-08-20,12183,15377,27560,132124,183260,315384
2015-08-21,24849,18437,43286,134864,188155,323019
2015-08-24,64655,45545,110200,142925,206079,349004
2015-08-25,28485,26132,54617,144619,210529,355148
2015-08-26,21684,28407,50091,148460,220818,369278
2015-08-27,30352,25747,56099,155930,223373,379303
2015-08-28,24219,21513,45732,161344,226089,387433
2015-08-31,13769,15630,29399,164386,230038,394424
2015-09-01,19162,9158,28320,167789,231452,399241
2015-09-02,20115,18963,39078,172569,234399,406968
2015-09-03,26929,42852,69781,174552,250780,425332
2015-09-04,20506,28359,48865,90509,128947,219456
2015-09-08,9095,16530,25625,93514,136431,229945
2015-09-09,9434,6724,16158,96432,138303,234735
2015-09-10,8825,15781,24606,98125,141859,239984
2015-09-11,10709,13922,24631,101318,147019,248337
2015-09-14,4980,7426,12406,102653,149269,251922
2015-09-15,8182,12214,20396,104629,150947,255576
2015-09-16,6446,14539,20985,105773,154535,260308
2015-09-17,11435,25036,36471,108429,158744,267173
2015-09-18,15470,20587,36057,110747,161312,272059
2015-09-21,12267,18054,30321,111201,161617,272818
2015-09-22,14638,14431,29069,114782,163789,278571
2015-09-23,7460,9901,17361,119004,166042,285046
2015-09-24,8732,11490,20222,119058,168584,287642
2015-09-25,8435,10557,18992,120629,170878,291507
2015-09-28,4368,6822,11190,121232,171960,293192
2015-09-29,3591,6523,10114,121734,172228,293962
2015-09-30,8174,7902,16076,123620,172061,295681
2015-10-01,8387,10212,18599,125070,173973,299043
2015-10-02,15465,23295,38760,128600,176134,304734
2015-10-05,12118,9554,21672,132774,176715,309489
2015-10-06,7768,9921,17689,135559,179340,314899
2015-10-07,6224,8539,14763,135995,180739,316734
2015-10-08,10214,13155,23369,136242,183669,319911
2015-10-09,23510,26885,50395,86063,121184,207247
2015-10-12,4843,7565,12408,88064,124435,212499
2015-10-13,4685,5422,10107,89513,126255,215768
2015-10-14,11432,15851,27283,89912,130111,220023
2015-10-15,11610,20446,32056,94793,137025,231818
2015-10-16,4287,6583,10870,95265,138919,234184
2015-10-19,8208,6127,14335,98870,140666,239536
2015-10-20,3456,8271,11727,99255,142767,242022
2015-10-21,5503,14868,20371,100733,147658,248391
2015-10-22,44383,41101,85484,109831,157131,266962
2015-10-23,32143,52921,85064,116484,169472,285956
2015-10-26,11495,12951,24446,118261,172345,290606
2015-10-27,15092,15588,30680,119739,175381,295120
2015-10-28,24904,24940,49844,124414,178534,302948
2015-10-29,27580,19517,47097,133417,184786,318203
2015-10-30,21291,24077,45368,137924,190045,327969
2015-11-02,9878,16362,26240,141548,194366,335914
2015-11-03,13655,18611,32266,144822,199956,344778
2015-11-04,30548,35686,66234,153253,201001,354254
2015-11-05,24903,30201,55104,161896,206453,368349
2015-11-06,30556,40424,70980,106182,157314,263496
2015-11-09,11516,19000,30516,110210,160054,270264
2015-11-10,14135,19321,33456,115300,160850,276150
2015-11-11,8824,12828,21652,117983,164617,282600
2015-11-12,11545,16655,28200,122101,165742,287843
2015-11-13,9624,9387,19011,124657,167524,292181
2015-11-16,15690,12464,28154,128947,171057,300004
2015-11-17,21686,22435,44121,133570,174381,307951
2015-11-18,12283,11947,24230,135416,175427,310843
2015-11-19,12181,16968,29149,138084,177525,315609
2015-11-20,10767,11336,22103,139668,179498,319166
2015-11-23,15737,23282,39019,144768,183670,328438
2015-11-24,14167,13141,27308,149610,185423,335033
2015-11-25,22967,23549,46516,156417,189871,346288
2015-11-27,8627,10053,18680,158251,191049,349300
2015-11-30,17276,19382,36658,164167,194810,358977
2015-12-01,22077,27375,49452,172767,198478,371245
2015-12-02,32653,54568,87221,182642,210190,392832
2015-12-03,67173,86582,153755,185464,224357,409821
2015-12-04,52741,46541,99282,83201,108753,191954
2015-12-07,13569,12051,25620,87563,110943,198506
2015-12-08,11639,12172,23811,91688,117337,209025
2015-12-09,17318,31635,48953,95053,123184,218237
2015-12-10,9182,13253,22435,97138,126513,223651
2015-12-11,11613,8855,20468,99094,128127,227221
2015-12-14,9491,10133,19624,100743,129063,229806
2015-12-15,15357,11290,26647,103097,131501,234598
2015-12-16,16898,28971,45869,104757,139276,244033
2015-12-17,22999,32069,55068,106426,141276,247702
2015-12-18,11010,15152,26162,108620,143701,252321
2015-12-21,8139,7241,15380,109120,144575,253695
2015-12-22,11611,11775,23386,111471,145854,257325
2015-12-23,9168,11333,20501,112420,148158,260578
2015-12-24,2062,4855,6917,112201,148494,260695
2015-12-28,2978,4264,7242,112222,148725,260947
2015-12-29,4714,5821,10535,112170,149723,261893
2015-12-30,4577,3151,7728,113152,150743,263895
2015-12-31,7151,6587,13738,113187,151912,265099
2016-01-04,14122,13768,27890,115256,153897,269153
2016-01-05,17487,18526,36013,118530,157163,275693
2016-01-06,8440,11673,20113,120407,158838,279245
2016-01-07,30431,52750,83181,122825,170192,293017
2016-01-08,31010,27512,58522,72227,96351,168578
2016-01-11,7102,11014,18116,75294,101299,176593
2016-01-12,6406,9808,16214,77006,104135,181141
2016-01-13,8105,6945,15050,78946,106121,185067
2016-01-14,13622,9958,23580,83862,108255,192117
2016-01-15,17771,14157,31928,87632,111397,199029
2016-01-19,10632,11092,21724,88621,113845,202466
2016-01-20,14190,25037,39227,91964,125650,217614
2016-01-21,12729,22909,35638,93435,128494,221929
2016-01-22,12887,18223,31110,95785,133947,229732
2016-01-25,6882,5213,12095,96935,134709,231644
2016-01-26,8081,9690,17771,98444,138389,236833
2016-01-27,14298,12692,26990,102356,142295,244651
2016-01-28,14556,17976,32532,106444,149152,255596
2016-01-29,20043,24218,44261,109089,153188,262277
2016-02-01,7382,7671,15053,110478,154508,264986
2016-02-02,12813,17953,30766,112621,159022,271643
2016-02-03,59690,60943,120633,122659,175183,297842
2016-02-04,52641,53048,105689,127172,185949,313121
2016-02-05,28476,38503,66979,85643,111851,197494
2016-02-08,16182,26392,42574,90367,117375,207742
2016-02-09,31107,22527,53634,91073,122336,213409
2016-02-10,14237,21019,35256,94320,127413,221733
2016-02-11,13381,15515,28896,96920,131317,228237
2016-02-12,10474,20271,30745,98549,136830,235379
2016-02-16,12634,16926,29560,101492,139049,240541
2016-02-17,5914,15572,21486,102323,144842,247165
2016-02-18,10234,12640,22874,104523,145992,250515
2016-02-19,8376,9822,18198,105544,149272,254816
2016-02-22,11773,18637,30410,107513,150525,258038
2016-02-23,11395,19600,30995,111304,153433,264737
2016-02-24,19435,32736,52171,114545,162949,277494
2016-02-25,10175,19173,29348,117438,165976,283414
2016-02-26,24249,34175,58424,121162,168041,289203
2016-02-29,21500,35719,57219,124932,168270,293202
2016-03-01,12059,31982,44041,127816,174749,302565
2016-03-02,15682,11786,27468,133803,176356,310159
2016-03-03,21324,27309,48633,138073,178576,316649
2016-03-04,29710,27002,56712,66985,91720,158705
2016-03-07,6594,11665,18259,69226,95199,164425
2016-03-08,7044,13176,20220,70463,97537,168000
2016-03-09,8721,15900,24621,71706,104962,176668
2016-03-10,30792,52567,83359,73560,113095,186655
2016-03-11,12683,21915,34598,74718,116204,190922
2016-03-14,7631,16092,23723,76910,120702,197612
2016-03-15,5245,5602,10847,78746,122454,201200
2016-03-16,14256,15980,30236,82556,125864,208420
2016-03-17,20951,35664,56615,87792,132541,220333
2016-03-18,12539,14404,26943,92029,135601,227630
2016-03-21,4354,6600,10954,93879,137248,231127
2016-03-22,7384,8681,16065,96655,139494,236149
2016-03-23,7967,11766,19733,98253,141775,240028
2016-03-24,6219,6328,12547,100545,143543,244088
2016-03-28,4727,3347,8074,102218,144519,246737
2016-03-29,10996,15260,26256,105591,148357,253948
2016-03-30,11563,17918,29481,108750,154824,263574
2016-03-31,14156,24887,39043,111712,163309,275021
2016-04-01,13739,22811,36550,113719,167865,281584
2016-04-04,6084,8397,14481,113807,170849,284656
2016-04-05,6668,11716,18384,114171,173583,287754
2016-04-06,14878,16500,31378,117243,176821,294064
2016-04-07,14135,15716,29851,120954,180139,301093
2016-04-08,11128,11169,22297,74011,107047,181058
2016-04-11,6717,10803,17520,76057,111239,187296
2016-04-12,11065,9240,20305,79189,114038,193227
2016-04-13,10610,13112,23722,80791,118195,198986
2016-04-14,5582,9500,15082,81921,121462,203383
2016-04-15,5853,4768,10621,83550,122695,206245
2016-04-18,4811,4309,9120,85056,123963,209019
2016-04-19,7879,8680,16559,87481,125825,213306
2016-04-20,9072,11094,20166,90227,127917,218144
2016-04-21,13836,17361,31197,93816,131174,224990
2016-04-22,13213,19608,32821,97192,136318,233510
2016-04-25,6846,17725,24571,98902,148071,246973
2016-04-26,14388,24397,38785,100851,154571,255422
2016-04-27,10565,12042,22607,102371,156660,259031
2016-04-28,19241,17433,36674,108249,158513,266762
2016-04-29,27658,22152,49810,113575,163711,277286
2016-05-02,20829,23118,43947,116448,170214,286662
2016-05-03,21635,22066,43701,119715,177843,297558
2016-05-04,9067,10890,19957,120793,181249,302042
2016-05-05,18297,21252,39549,124687,185551,310238
2016-05-06,20702,32882,53584,85531,130714,216245
2016-05-09,7441,7595,15036,87575,133198,220773
2016-05-10,3206,9510,12716,88138,135569,223707
2016-05-11,3771,9200,12971,88837,138955,227792
2016-05-12,6544,7990,14534,88866,141450,230316
2016-05-13,19986,17859,37845,95149,144972,240121
2016-05-16,5363,5029,10392,96812,146163,242975
2016-05-17,5989,7708,13697,97598,148250,245848
2016-05-18,13532,15472,29004,100747,150653,251400
2016-05-19,8932,15460,24392,103901,151779,255680
2016-05-20,7769,6098,13867,105886,151314,257200
2016-05-23,5835,6745,12580,107652,152958,260610
2016-05-24,11551,15292,26843,110529,155412,265941
2016-05-25,7680,9798,17478,113488,159358,272846
2016-05-26,9348,13126,22474,115783,161945,277728
2016-05-27,10841,14464,25305,118171,163898,282069
2016-05-31,12659,17372,30031,122268,167315,289583
2016-06-01,13125,10251,23376,126488,167094,293582
2016-06-02,10000,13994,23994,129324,170524,299848
2016-06-03,20524,22053,42577,58130,90612,148742
2016-06-06,14256,28822,43078,63915,106301,170216
2016-06-07,4553,11103,15656,65148,110651,175799
2016-06-08,9892,16678,26570,69280,116585,185865
2016-06-09,8817,19420,28237,72614,122898,195512
2016-06-10,16863,28392,45255,76509,131815,208324
2016-06-13,8126,20138,28264,77647,134313,211960
2016-06-14,13343,31757,45100,80851,140181,221032
2016-06-15,10698,22200,32898,82426,145312,227738
2016-06-16,21929,45326,67255,83874,156668,240542
2016-06-17,11845,21338,33183,84714,158945,243659
2016-06-20,7715,21554,29269,85889,164148,250037
2016-06-21,6470,7438,13908,85800,165035,250835
2016-06-22,5589,10653,16242,87183,165499,252682
2016-06-23,8978,16379,25357,88975,169182,258157
2016-06-24,18274,25565,43839,91616,172783,264399
2016-06-27,20456,21068,41524,98033,176640,274673
2016-06-28,15471,18105,33576,102674,177724,280398
2016-06-29,12099,13069,25168,104943,177969,282912
2016-06-30,10594,15847,26441,106921,182016,288937
2016-07-01,9172,10760,19932,109344,183726,293070
2016-07-05,11451,13380,24831,112582,186221,298803
2016-07-06,9345,17856,27201,114676,186265,300941
2016-07-07,11888,17093,28981,118202,190015,308217
2016-07-08,17721,19127,36848,77987,109646,187633
2016-07-11,4518,7325,11843,79072,114165,193237
2016-07-12,5448,7318,12766,79841,115238,195079
2016-07-13,8549,8319,16868,83239,118195,201434
2016-07-14,8121,4837,12958,85539,118675,204214
2016-07-15,7265,8629,15894,87582,120552,208134
2016-07-18,4436,3161,7597,89644,120879,210523
2016-07-19,12725,11159,23884,94515,123793,218308
2016-07-20,10361,10544,20905,97169,125048,222217
2016-07-21,8365,7699,16064,98567,126242,224809
2016-07-22,11672,9253,20925,101811,128382,230193
2016-07-25,2899,2398,5297,102782,129075,231857
2016-07-26,3901,4602,8503,103588,129378,232966
2016-07-27,7020,6512,13532,105458,129993,235451
2016-07-28,11834,16568,28402,109726,135703,245429
2016-07-29,16271,15867,32138,111046,137136,248182
2016-08-01,6876,6597,13473,111919,139502,251421
2016-08-02,12187,10779,22966,112964,140374,253338
2016-08-03,7581,11137,18718,114394,141869,256263
2016-08-04,8857,17330,26187,116173,143973,260146
2016-08-05,13882,14663,28545,80982,95263,176245
2016-08-08,7107,7653,14760,83403,99039,182442
2016-08-09,6510,11236,17746,85928,100770,186698
2016-08-10,7558,7828,15386,89049,103654,192703
2016-08-11,8690,8622,17312,91918,106200,198118
2016-08-12,6461,5019,11480,93366,107157,200523
2016-08-15,4378,4292,8670,94412,109624,204036
2016-08-16,19060,11610,30670,99160,112130,211290
2016-08-17,5979,6442,12421,100881,113922,214803
2016-08-18,8210,8680,16890,102171,116983,219154
2016-08-19,5197,2854,8051,103749,117306,221055
2016-08-22,4548,5393,9941,104490,117898,222388
2016-08-23,6579,4298,10877,106179,118712,224891
2016-08-24,6697,7219,13916,107394,121471,228865
2016-08-25,4169,5734,9903,108218,122674,230892
2016-08-26,12574,14112,26686,110450,123841,234291
2016-08-29,8134,5344,13478,111211,124275,235486
2016-08-30,7975,6254,14229,111830,125201,237031
2016-08-31,9876,8141,18017,113959,126180,240139
2016-09-01,5536,6606,12142,114237,127290,241527
2016-09-02,11240,12437,23677,116012,128841,244853
2016-09-06,12943,10413,23356,118651,131405,250056
2016-09-07,9458,8729,18187,120588,133600,254188
2016-09-08,21941,20404,42345,125194,138508,263702
2016-09-09,8004,12939,20943,75432,82773,158205
2016-09-12,8114,12472,20586,79210,88037,167247
2016-09-13,6367,7020,13387,80955,88290,169245
2016-09-14,3828,4326,8154,81636,89223,170859
2016-09-15,7328,6444,13772,81722,91131,172853
2016-09-16,13610,12608,26218,85748,94039,179787
2016-09-19,3478,4444,7922,85914,93165,179079
2016-09-20,4366,4880,9246,87083,94692,181775
2016-09-21,9299,13335,22634,88118,96058,184176
2016-09-22,11228,13936,25164,90584,95652,186236
2016-09-23,7981,8569,16550,91802,97586,189388
2016-09-26,10971,6141,17112,96609,99495,196104
2016-09-27,9651,8810,18461,98884,100597,199481
2016-09-28,5544,5543,11087,100573,102507,203080
2016-09-29,11499,25118,36617,102527,106117,208644
2016-09-30,14076,19487,33563,107811,110696,218507
2016-10-03,5240,4695,9935,109889,111449,221338
2016-10-04,13061,16939,30000,112398,114613,227011
2016-10-05,3933,5639,9572,112985,115596,228581
2016-10-06,11707,21576,33283,115692,119602,235294
2016-10-07,14827,28045,42872,80808,82161,162969
2016-10-10,3732,4635,8367,81322,84599,165921
2016-10-11,12528,21353,33881,83667,93692,177359
2016-10-12,12624,13713,26337,87026,96076,183102
2016-10-13,9182,7127,16309,89165,95899,185064
2016-10-14,8428,10029,18457,89841,97339,187180
2016-10-17,3409,3418,6827,90336,98244,188580
2016-10-18,6076,7003,13079,92143,97722,189865
2016-10-19,6605,8159,14764,93241,97620,190861
2016-10-20,17918,16879,34797,98703,99655,198358
2016-10-21,14618,23397,38015,101173,105622,206795
2016-10-24,6504,3284,9788,103313,105933,209246
2016-10-25,8484,8225,16709,106232,107719,213951
2016-10-26,7850,6134,13984,106969,107918,214887
2016-10-27,5841,12210,18051,108447,109631,218078
2016-10-28,16356,12503,28859,110059,110084,220143
2016-10-31,7819,8111,15930,111367,111447,222814
2016-11-01,17326,12794,30120,115499,112439,227938
2016-11-02,22502,14305,36807,116183,114096,230279
2016-11-03,26261,9447,35708,122055,115862,237917
2016-11-04,21768,16771,38539,82437,73549,155986
2016-11-07,13749,13757,27506,83590,76260,159850
2016-11-08,9633,8269,17902,86236,79739,165975
2016-11-09,22372,17883,40255,89542,82342,171884
2016-11-10,11562,10252,21814,88744,82979,171723
2016-11-11,8759,12345,21104,89807,84931,174738
2016-11-14,17614,18980,36594,91754,84763,176517
2016-11-15,11745,15460,27205,94456,87131,181587
2016-11-16,15180,15075,30255,99786,90713,190499
2016-11-17,20607,27759,48366,105775,97537,203312
2016-11-18,14156,19961,34117,109392,102363,211755
2016-11-21,5961,9393,15354,109994,103487,213481
2016-11-22,7521,8360,15881,111369,102162,213531
2016-11-23,13703,16257,29960,113282,103901,217183
2016-11-25,8172,12810,20982,114711,107556,222267
2016-11-28,6623,10279,16902,116546,108924,225470
2016-11-29,13311,9606,22917,120214,110219,230433
2016-11-30,15895,18707,34602,124974,112502,237476
2016-12-01,11324,12987,24311,126453,114556,241009
2016-12-02,15052,17584,32636,126524,118849,245373
2016-12-05,18872,19493,38365,129064,119324,248388
2016-12-06,11409,22825,34234,131632,126149,257781
2016-12-07,8047,10461,18508,131948,128269,260217
2016-12-08,21956,28357,50313,136102,127479,263581
2016-12-09,12650,12573,25223,45958,53998,99956
2016-12-12,8276,4979,13255,48799,55777,104576
2016-12-13,2745,3908,6653,49661,56025,105686
2016-12-14,5984,6127,12111,50201,57195,107396
2016-12-15,8881,17896,26777,49967,65890,115857
2016-12-16,5270,3987,9257,50520,66985,117505
2016-12-19,5460,3506,8966,51324,67940,119264
2016-12-20,4315,7831,12146,52171,68423,120594
2016-12-21,4726,5712,10438,52272,69101,121373
2016-12-22,3698,3346,7044,53445,68939,122384
2016-12-23,1402,1632,3034,53779,69206,122985
2016-12-27,1486,1534,3020,53588,69369,122957
2016-12-28,4357,2425,6782,52562,69446,122008
2016-12-29,1937,1488,3425,53115,69746,122861
2016-12-30,1440,2051,3491,53316,70066,123382
2017-01-03,6037,3989,10026,55662,70205,125867
2017-01-04,10261,6470,16731,60669,72892,133561
2017-01-05,7034,4035,11069,63287,74001,137288
2017-01-06,5205,7604,12809,63868,76129,139997
2017-01-09,2555,2960,5515,64687,76548,141235
2017-01-10,1211,2669,3880,64884,77121,142005
2017-01-11,4351,9375,13726,64932,78867,143799
2017-01-12,3540,5101,8641,65864,79239,145103
2017-01-13,2321,5727,8048,65727,80745,146472
2017-01-17,7152,7451,14603,68580,82892,151472
2017-01-18,4966,8634,13600,69125,85950,155075
2017-01-19,3331,4289,7620,70434,87596,158030
2017-01-20,4996,3369,8365,73391,88601,161992
2017-01-23,2908,3862,6770,73638,88818,162456
2017-01-24,2237,4161,6398,73699,90129,163828
2017-01-25,3434,3268,6702,74617,91061,165678
2017-01-26,7059,8511,15570,76824,94114,170938
2017-01-27,5677,3919,9596,78829,95775,174604
2017-01-30,3041,6390,9431,79228,98254,177482
2017-01-31,15397,11359,26756,83083,99596,182679
2017-02-01,5829,6194,12023,0,0,0
2017-02-02,6896,7022,13918,85168,103890,189058
2017-02-03,8525,7916,16441,87472,106847,194319
2017-02-06,6900,5680,12580,89222,108545,197767
2017-02-07,3338,4005,7343,89263,109749,199012
2017-02-08,7760,4667,12427,90481,110956,201437
2017-02-09,6080,7106,13186,89541,109908,199449
2017-02-10,8719,9639,18358,90034,109896,199930
2017-02-13,6853,5367,12220,91572,111973,203545
2017-02-14,5627,7307,12934,92444,115366,207810
2017-02-15,5871,3915,9786,93228,114999,208227
2017-02-16,4304,6600,10904,94296,115883,210179
2017-02-17,7495,12717,20212,95971,119050,215021
2017-02-21,10068,7184,17252,97680,116528,214208
2017-02-22,7044,6233,13277,99650,116751,216401
2017-02-23,5416,3716,9132,101187,117569,218756
2017-02-24,4123,4547,8670,102167,118050,220217
2017-02-27,3118,4308,7426,102335,118120,220455
2017-02-28,6211,3968,10179,103100,119302,222402
2017-03-01,9822,10085,19907,104065,120035,224100
2017-03-02,6070,7214,13284,104651,119163,223814
2017-03-03,11155,11066,22221,31937,37459,69396
2017-03-06,2300,3573,5873,32926,36335,69261
2017-03-07,2371,1627,3998,33872,36694,70566
2017-03-08,5924,3067,8991,34887,37578,72465
2017-03-09,5256,1935,7191,37441,38006,75447
2017-03-10,5491,5292,10783,38750,38818,77568
2017-03-13,746,1837,2583,38457,39576,78033
2017-03-14,1484,1455,2939,38639,39685,78324
2017-03-15,2467,1691,4158,38852,39736,78588
2017-03-16,3182,6539,9721,39673,41789,81462
2017-03-17,3364,7073,10437,39385,43630,83015
2017-03-20,1481,3008,4489,39569,43954,83523
2017-03-21,6996,4517,11513,41469,44796,86265
2017-03-22,2392,3108,5500,41951,45018,86969
2017-03-23,1856,3098,4954,42148,46160,88308
2017-03-24,1147,5972,7119,42473,48232,90705
2017-03-27,5411,4002,9413,42476,48035,90511
2017-03-28,2670,4686,7356,43051,47470,90521
2017-03-29,2343,1506,3849,43983,47712,91695
2017-03-30,4695,4950,9645,44933,48701,93634
2017-03-31,3794,3582,7376,45295,49558,94853
2017-04-03,7641,11246,18887,46787,53192,99979
2017-04-04,3681,3518,7199,47215,53763,100978
2017-04-05,3246,4536,7782,48397,53796,102193
2017-04-06,3438,8455,11893,48848,56033,104881
2017-04-07,5839,7109,12948,49704,56161,105865
2017-04-10,4688,3148,7836,51615,55937,107552
2017-04-11,4608,4320,8928,52997,56710,109707
2017-04-12,5254,6948,12202,53991,58153,112144
2017-04-13,2032,3608,5640,54324,58301,112625
2017-04-17,2378,3711,6089,54761,59558,114319
2017-04-18,11970,4494,16464,60413,60770,121183
2017-04-19,6640,12297,18937,61508,63087,124595
2017-04-20,8874,6990,15864,61998,64139,126137
2017-04-21,9853,10838,20691,63905,66863,130768
2017-04-24,10885,13014,23899,67634,66723,134357
2017-04-25,14387,15432,29819,68591,69708,138299
2017-04-26,7890,6242,14132,69645,71312,140957
2017-04-27,4574,6034,10608,70098,72832,142930
2017-04-28,7693,10396,18089,72717,75150,147867
2017-05-01,2035,1065,3100,72964,75482,148446
2017-05-02,5927,3917,9844,75549,77040,152589
2017-05-03,8412,11877,20289,76554,81380,157934
2017-05-04,16656,21798,38454,78567,83587,162154
2017-05-05,13307,9648,22955,80933,85520,166453
2017-05-08,9128,10244,19372,82316,86872,169188
2017-05-09,12334,8274,20608,83352,88530,171882
2017-05-10,7649,7557,15206,82896,88861,171757
2017-05-11,6865,1969,8834,82099,88988,171087
2017-05-12,6903,4038,10941,83026,89994,173020
2017-05-15,7177,5098,12275,84432,90332,174764
2017-05-16,16205,10256,26461,82289,91073,173362
2017-05-17,12834,6129,18963,80785,93153,173938
2017-05-18,10684,7738,18422,79650,94463,174113
2017-05-19,8620,5415,14035,79482,94984,174466
2017-05-22,10022,3495,13517,79332,95201,174533
2017-05-23,10113,8678,18791,82402,98898,181300
2017-05-24,4867,4879,9746,82063,100131,182194
2017-05-25,5251,2692,7943,81511,101120,182631
2017-05-26,1863,2523,4386,81559,101770,183329
2017-05-30,6215,6649,12864,80957,102696,183653
2017-05-31,4898,4359,9257,81864,103162,185026
2017-06-01,3058,2301,5359,82166,103726,185892
2017-06-02,6534,6802,13336,82251,105763,188014
2017-06-05,3704,3855,7559,82860,106983,189843
2017-06-06,3823,3192,7015,82909,107709,190618
2017-06-07,6718,4726,11444,82900,108753,191653
2017-06-08,7505,5217,12722,81815,108710,190525
2017-06-09,7301,3036,10337,0,0,0
2017-06-12,0,0,0,0,0,0
2017-06-13,3950,11473,15423,76403,91246,167649
2017-06-14,9585,15491,25076,77204,94291,171495
2017-06-15,7759,10293,18052,78969,94960,173929
2017-06-16,5241,6509,11750,80870,96611,177481
2017-06-19,4827,6896,11723,82206,99953,182159
2017-06-20,7384,5778,13162,84761,101686,186447
2017-06-21,9511,9812,19323,88158,104621,192779
2017-06-22,7581,7627,15208,90116,108134,198250
2017-06-23,5777,11833,17610,91091,105873,196964
2017-06-26,8134,8072,16206,93242,108226,201468
2017-06-27,20356,21122,41478,96333,112718,209051
2017-06-28,21862,14757,36619,100079,115763,215842
2017-06-29,20457,20122,40579,102815,121533,224348
2017-06-30,10996,12821,23817,105621,124669,230290
2017-07-03,6322,10627,16949,106994,128248,235242
2017-07-05,12667,12903,25570,108358,130237,238595
2017-07-06,18368,11256,29624,113439,134092,247531
2017-07-07,18676,18773,37449,84904,93747,178651
2017-07-10,3253,3676,6929,85877,94859,180736
2017-07-11,7781,7669,15450,88062,97365,185427
2017-07-12,7420,8018,15438,90987,100458,191445
2017-07-13,5847,8673,14520,92452,102531,194983
2017-07-14,8695,10694,19389,94990,105759,200749
2017-07-17,7477,6007,13484,97233,106323,203556
2017-07-18,23087,23329,46416,102558,114767,217325
2017-07-19,10311,10689,21000,105409,116891,222300
2017-07-20,27519,23414,50933,109445,120900,230345
2017-07-21,16905,15524,32429,113124,124408,237532
2017-07-24,7168,7592,14760,114744,126485,241229
2017-07-25,19168,18842,38010,119851,132257,252108
2017-07-26,18884,27573,46457,124478,138705,263183
2017-07-27,24943,26708,51651,131404,146227,277631
2017-07-28,23814,15753,39567,134909,150383,285292
2017-07-31,30153,21965,52118,141822,157235,299057
2017-08-01,14543,22225,36768,144972,163632,308604
2017-08-02,31353,25733,57086,149834,169114,318948
2017-08-03,22430,22950,45380,155838,173071,328909
2017-08-04,29568,36596,66164,111277,120830,232107
2017-08-07,9061,11541,20602,114180,123086,237266
2017-08-08,14766,9838,24604,119005,125114,244119
2017-08-09,10023,13771,23794,121121,130272,251393
2017-08-10,7532,11168,18700,121895,132855,254750
2017-08-11,12156,10920,23076,125908,133897,259805
2017-08-14,4804,6970,11774,127188,135661,262849
2017-08-15,10211,10191,20402,127578,137792,265370
2017-08-16,14890,18551,33441,128743,141090,269833
2017-08-17,10939,13481,24420,130290,143335,273625
2017-08-18,5577,8075,13652,131905,143683,275588
2017-08-21,8541,9907,18448,132910,144850,277760
2017-08-22,10730,7534,18264,136754,146059,282813
2017-08-23,9643,3589,13232,137974,146872,284846
2017-08-24,5553,4208,9761,138674,147868,286542
2017-08-25,13852,16574,30426,139821,151631,291452
2017-08-28,13398,22913,36311,141605,159261,300866
2017-08-29,29556,34270,63826,148585,165463,314048
2017-08-30,15101,18802,33903,149890,170949,320839
2017-08-31,16307,20086,36393,153128,174362,327490
2017-09-01,22926,19320,42246,160851,178367,339218
2017-09-05,21766,17388,39154,165093,183045,348138
2017-09-06,14660,14148,28808,169485,185774,355259
2017-09-07,32181,44956,77137,174057,194281,368338
2017-09-08,25204,23062,48266,103663,116944,220607
2017-09-11,7405,6231,13636,105328,118463,223791
2017-09-12,14765,17827,32592,108669,126055,234724
2017-09-13,15179,14485,29664,112171,127649,239820
2017-09-14,12080,13090,25170,112708,132062,244770
2017-09-15,8143,14016,22159,114622,134078,248700
2017-09-18,4098,7132,11230,115793,136243,252036
2017-09-19,6676,12404,19080,116722,140454,257176
2017-09-20,15267,14455,29722,115423,143816,259239
2017-09-21,11659,13527,25186,117354,144464,261818
2017-09-22,8204,9382,17586,118962,146764,265726
2017-09-25,16855,14518,31373,122467,150299,272766
2017-09-26,16679,17747,34426,122852,153701,276553
2017-09-27,17853,18791,36644,128041,157950,285991
2017-09-28,12609,11367,23976,130880,160824,291704
2017-09-29,10490,15443,25933,133353,165905,299258
2017-10-02,13658,15512,29170,136465,170195,306660
2017-10-03,10457,11234,21691,139026,172966,311992
2017-10-04,8371,13012,21383,140815,173383,314198
2017-10-05,17015,14943,31958,144056,175517,319573
2017-10-06,24650,25660,50310,102596,117785,220381
2017-10-09,4874,4470,9344,103856,119637,223493
2017-10-10,12886,12443,25329,107230,123678,230908
2017-10-11,13863,18594,32457,109371,130933,240304
2017-10-12,10652,10711,21363,113780,133534,247314
2017-10-13,5514,7693,13207,115062,136179,251241
2017-10-16,7700,15752,23452,116587,142473,259060
2017-10-17,9046,11934,20980,118288,145634,263922
2017-10-18,8934,14093,23027,120318,152565,272883
2017-10-19,9936,14374,24310,122023,157234,279257
2017-10-20,10591,9277,19868,123998,159235,283233
2017-10-23,8832,9016,17848,125250,161357,286607
2017-10-24,19020,12686,31706,133340,165796,299136
2017-10-25,10119,8610,18729,135526,167513,303039
2017-10-26,30883,27321,58204,140730,172750,313480
2017-10-27,38886,50674,89560,149247,180005,329252
2017-10-30,18075,17375,35450,154331,184633,338964
2017-10-31,9947,9518,19465,157482,186318,343800
2017-11-01,11117,10254,21371,160269,186961,347230
2017-11-02,16707,19290,35997,165235,189823,355058
2017-11-03,23211,26294,49505,108715,137880,246595
2017-11-06,11361,8615,19976,111700,139525,251225
2017-11-07,10571,13807,24378,114794,144229,259023
2017-11-08,8561,6787,15348,115650,146088,261738
2017-11-09,9487,10955,20442,116875,147229,264104
2017-11-10,8386,13453,21839,118710,150979,269689
2017-11-13,8403,6366,14769,120323,152572,272895
2017-11-14,27752,21931,49683,127581,157454,285035
2017-11-15,24897,20319,45216,132944,161477,294421
2017-11-16,11643,9591,21234,135960,164453,300413
2017-11-17,11962,7378,19340,138833,167374,306207
2017-11-20,13969,11989,25958,142215,169927,312142
2017-11-21,10180,5404,15584,144569,170482,315051
2017-11-22,13556,12498,26054,146712,173653,320365
2017-11-24,32508,19922,52430,152664,177351,330015
2017-11-27,14818,20572,35390,155879,181434,337313
2017-11-28,15741,11335,27076,158886,184604,343490
2017-11-29,10603,13279,23882,159787,186453,346240
2017-11-30,21956,16587,38543,164115,190195,354310
2017-12-01,24702,22788,47490,167397,194681,362078
2017-12-04,9760,6784,16544,169703,195769,365472
2017-12-05,16221,17514,33735,172577,196464,369041
2017-12-06,10377,12113,22490,174050,199200,373250
2017-12-07,18223,12072,30295,177053,203084,380137
2017-12-08,19156,17623,36779,104598,116717,221315
2017-12-11,8434,6067,14501,108040,119304,227344
2017-12-12,15378,10188,25566,112602,121884,234486
2017-12-13,10208,9723,19931,114179,123911,238090
2017-12-14,12123,12785,24908,115665,126354,242019
2017-12-15,8132,9301,17433,117554,129225,246779
2017-12-18,5601,6134,11735,119176,130940,250116
2017-12-19,6771,6770,13541,120523,132028,252551
2017-12-20,11122,13611,24733,121990,131799,253789
2017-12-21,4453,4488,8941,122799,131881,254680
2017-12-22,6917,4126,11043,125541,132003,257544
2017-12-26,1271,1465,2736,125843,132353,258196
2017-12-27,10404,7470,17874,129956,133751,263707
2017-12-28,10192,7888,18080,130892,135599,266491
2017-12-29,20180,14135,34315,134406,139277,273683
2018-01-02,29998,18469,48467,143597,143328,286925
2018-01-03,19250,17702,36952,148191,149384,297575
2018-01-04,30027,18611,48638,151556,154334,305890
2018-01-05,16631,35040,51671,99119,109791,208910
2018-01-08,11258,7798,19056,102566,111311,213877
2018-01-09,8803,6266,15069,104970,113343,218313
2018-01-10,13058,16471,29529,108050,118005,226055
2018-01-11,22182,14049,36231,113007,120347,233354
2018-01-12,25571,21448,47019,115051,124623,239674
2018-01-16,36120,31435,67555,123670,135064,258734
2018-01-17,13762,24097,37859,127425,144430,271855
2018-01-18,14135,21956,36091,131873,155062,286935
2018-01-19,17558,15520,33078,134493,159674,294167
2018-01-22,8757,7357,16114,136420,161091,297511
2018-01-23,13745,11429,25174,139468,162916,302384
2018-01-24,28514,44257,72771,145799,179054,324853
2018-01-25,28127,41655,69782,150417,191211,341628
2018-01-26,13306,16384,29690,152881,194190,347071
2018-01-29,6785,10476,17261,153764,195269,349033
2018-01-30,12905,11845,24750,153967,197027,350994
2018-01-31,8010,9251,17261,154757,199181,353938
2018-02-01,18721,25343,44064,160393,206158,366551
2018-02-02,23023,26579,49602,161778,214066,375844
2018-02-05,13820,20094,33914,163401,214876,378277
2018-02-06,30386,57393,87779,161269,212179,373448
2018-02-07,17510,29588,47098,160890,213060,373950
2018-02-08,16647,23358,40005,163527,211840,375367
2018-02-09,10419,17529,27948,103936,147712,251648
2018-02-12,5899,7079,12978,106266,150283,256549
2018-02-13,4996,6551,11547,107644,151492,259136
2018-02-14,16905,17124,34029,110506,156123,266629
2018-02-15,9635,19799,29434,112482,158386,270868
2018-02-16,10038,10956,20994,115579,161859,277438
2018-02-20,11792,14332,26124,118068,163417,281485
2018-02-21,13313,12474,25787,119456,162803,282259
2018-02-22,12843,9533,22376,122310,166109,288419
2018-02-23,6700,8502,15202,123590,166905,290495
2018-02-26,6341,11496,17837,124776,169865,294641
2018-02-27,12002,11586,23588,127776,173126,300902
2018-02-28,8257,9404,17661,128712,174941,303653
2018-03-01,14153,20985,35138,129791,176735,306526
2018-03-02,16284,17579,33863,132330,182220,314550
2018-03-05,9566,11105,20671,134107,183297,317404
2018-03-06,17261,18062,35323,138455,185270,323725
2018-03-07,13285,14161,27446,141688,188993,330681
2018-03-08,25054,17857,42911,149800,193045,342845
2018-03-09,19549,15540,35089,95954,120939,216893
2018-03-12,4821,7929,12750,97192,124712,221904
2018-03-13,6545,6839,13384,99447,126190,225637
2018-03-14,4687,9912,14599,100539,130614,231153
2018-03-15,8200,5638,13838,102305,132605,234910
2018-03-16,9290,10628,19918,105682,135668,241350
2018-03-19,5188,6194,11382,106752,137302,244054
2018-03-20,8774,10722,19496,108266,139559,247825
2018-03-21,8260,18099,26359,110295,145709,256004
2018-03-22,12498,14357,26855,114077,150069,264146
2018-03-23,8004,9608,17612,115665,152468,268133
2018-03-26,8655,10106,18761,116811,154540,271351
2018-03-27,11519,15712,27231,118398,160294,278692
2018-03-28,12373,18188,30561,123091,164534,287625
2018-03-29,6807,11036,17843,124649,165353,290002
2018-04-02,4094,7537,11631,125397,167924,293321
2018-04-03,13997,11202,25199,130682,169085,299767
2018-04-04,11911,10693,22604,133544,169934,303478
2018-04-05,11313,17496,28809,135103,175987,311090
2018-04-06,15384,16769,32153,85220,122391,207611
2018-04-09,5795,6351,12146,87456,123081,210537
2018-04-10,5603,8157,13760,89505,124963,214468
2018-04-11,5587,7159,12746,90904,126531,217435
2018-04-12,5649,7293,12942,92211,126747,218958
2018-04-13,6580,7572,14152,93417,129563,222980
2018-04-16,5713,5881,11594,94301,130098,224399
2018-04-17,4648,6739,11387,95572,131658,227230
2018-04-18,4751,10304,15055,96440,132452,228892
2018-04-19,4571,5185,9756,97857,133476,231333
2018-04-20,8685,10108,18793,100251,134476,234727
2018-04-23,10293,16384,26677,101606,138676,240282
2018-04-24,9041,9887,18928,103892,140799,244691
2018-04-25,9200,13628,22828,105461,142569,248030
2018-04-26,16869,21172,38041,110428,144595,255023
2018-04-27,12682,17507,30189,115637,148227,263864
2018-04-30,7471,10231,17702,117852,151593,269445
2018-05-01,14203,25490,39693,123334,156421,279755
2018-05-02,25820,27870,53690,134663,162038,296701
2018-05-03,11025,11611,22636,138530,164123,302653
2018-05-04,16154,27555,43709,87330,117617,204947
2018-05-07,7907,6605,14512,89299,119659,208958
2018-05-08,11488,34970,46458,93731,130154,223885
2018-05-09,10116,11586,21702,96557,133399,229956
2018-05-10,8243,7734,15977,99437,136124,235561
