2014-07-25,577,348,925,6846,5552,12398
2014-07-28,439,71,510,7106,5549,12655
2014-07-29,670,212,882,7271,5512,12783
2014-07-30,516,570,1086,7475,5720,13195
2014-07-31,606,240,846,7735,5806,13541
2014-08-01,333,237,570,7912,5901,13813
2014-08-04,342,165,507,8000,5979,13979
2014-08-05,466,214,680,8166,5988,14154
2014-08-06,448,504,952,8305,6161,14466
2014-08-07,285,652,937,8442,6537,14979
2014-08-08,212,266,478,6035,5198,11233
2014-08-11,139,66,205,6103,5241,11344
2014-08-12,333,220,553,6348,5316,11664
2014-08-13,269,114,383,6399,5367,11766
2014-08-14,147,265,412,6391,5349,11740
2014-08-15,968,152,1120,6975,5417,12392
2014-08-18,166,80,246,7096,5443,12539
2014-08-19,361,192,553,7251,5552,12803
2014-08-20,144,68,212,7317,5569,12886
2014-08-21,143,174,317,7351,5633,12984
2014-08-22,368,251,619,7561,5713,13274
2014-08-25,660,208,868,7941,5779,13720
2014-08-26,305,286,591,8054,5838,13892
2014-08-27,193,335,528,8120,6064,14184
2014-08-28,762,327,1089,8715,6150,14865
2014-08-29,620,446,1066,8878,6349,15227
2014-09-02,355,715,1070,9066,6529,15595
2014-09-03,239,496,735,9175,6740,15915
2014-09-04,1581,1584,3165,9710,7094,16804
2014-09-05,985,967,1952,5999,5012,11011
2014-09-08,601,794,1395,6210,5502,11712
2014-09-09,687,580,1267,6667,5777,12444
2014-09-10,450,647,1097,7004,6016,13020
2014-09-11,447,619,1066,7171,6402,13573
2014-09-12,108,438,546,7203,6682,13885
2014-09-15,282,480,762,7283,6904,14187
2014-09-16,620,121,741,7680,6958,14638
2014-09-17,542,981,1523,7776,7716,15492
2014-09-18,611,2052,2663,7890,8840,16730
2014-09-19,782,520,1302,8382,9136,17518
2014-09-22,358,522,880,8539,9228,17767
2014-09-23,511,235,746,8814,9355,18169
2014-09-24,812,812,1624,9295,9538,18833
2014-09-25,473,1492,1965,9493,10473,19966
2014-09-26,418,451,869,9736,10699,20435
2014-09-29,490,308,798,9840,10728,20568
2014-09-30,673,439,1112,10093,10849,20942
2014-10-01,210,352,562,10138,11066,21204
2014-10-02,439,900,1339,10426,11662,22088
2014-10-03,1130,1008,2138,7087,8099,15186
2014-10-06,358,744,1102,7203,8263,15466
2014-10-07,379,459,838,7392,8674,16066
2014-10-08,731,406,1137,7891,8808,16699
2014-10-09,812,289,1101,7700,8811,16511
2014-10-10,262,118,380,7877,8873,16750
2014-10-13,215,450,665,7978,9112,17090
2014-10-14,191,234,425,8095,9271,17366
2014-10-15,1173,613,1786,8440,9454,17894
2014-10-16,691,328,1019,8600,9417,18017
2014-10-17,299,173,472,8746,9442,18188
2014-10-20,117,171,288,8788,9499,18287
2014-10-21,255,386,641,8889,9437,18326
2014-10-22,352,626,978,9012,9668,18680
2014-10-23,229,263,492,9082,9605,18687
2014-10-24,155,99,254,9177,9662,18839
2014-10-27,227,192,419,9197,9639,18836
2014-10-28,446,436,882,9381,9765,19146
2014-10-29,429,535,964,9541,9902,19443
2014-10-30,634,620,1254,9829,9971,19800
2014-10-31,672,321,993,10188,10008,20196
2014-11-03,410,252,662,10363,10054,20417
2014-11-04,335,281,616,10412,10179,20591
2014-11-05,347,634,981,10476,10438,20914
2014-11-06,892,665,1557,10834,10551,21385
2014-11-07,1621,727,2348,8513,8332,16845
2014-11-10,650,478,1128,8718,8550,17268
2014-11-11,660,303,963,9029,8561,17590
2014-11-12,574,277,851,9179,8589,17768
2014-11-13,264,371,635,9385,8838,18223
2014-11-14,540,431,971,9624,9011,18635
2014-11-17,321,284,605,9729,9070,18799
2014-11-18,738,157,895,10143,9092,19235
2014-11-19,675,685,1360,10468,9409,19877
2014-11-20,635,211,846,10762,9428,20190
2014-11-21,954,726,1680,11376,9971,21347
2014-11-24,682,345,1027,11699,10221,21920
2014-11-25,348,553,901,11768,10645,22413
2014-11-26,756,1048,1804,12129,11314,23443
2014-11-28,1154,689,1843,12697,11580,24277
2014-12-01,596,344,940,12808,11748,24556
2014-12-02,1749,1108,2857,13529,12229,25758
2014-12-03,1246,1965,3211,14167,13370,27537
2014-12-04,956,1607,2563,14215,13817,28032
2014-12-05,464,749,1213,7475,8265,15740
2014-12-08,795,637,1432,7849,8296,16145
2014-12-09,1776,1181,2957,8053,8361,16414
2014-12-10,738,36,774,8196,8370,16566
2014-12-11,1107,499,1606,8504,8394,16898
2014-12-12,860,242,1102,8883,8408,17291
2014-12-15,290,200,490,8944,8540,17484
2014-12-16,1318,1151,2469,9209,9008,18217
2014-12-17,1297,637,1934,10215,9412,19627
2014-12-18,1209,1020,2229,10675,9650,20325
2014-12-19,431,235,666,10849,9709,20558
2014-12-22,580,308,888,10933,9813,20746
2014-12-23,1340,501,1841,11478,9840,21318
2014-12-24,339,156,495,11615,9898,21513
2014-12-26,183,310,493,11696,9941,21637
2014-12-29,978,998,1976,12117,10274,22391
2014-12-30,586,292,878,12328,10346,22674
2014-12-31,157,97,254,12351,10347,22698
2015-01-02,1214,454,1668,12909,10469,23378
2015-01-05,1940,1116,3056,13713,10984,24697
2015-01-06,671,354,1025,13860,11080,24940
2015-01-07,794,702,1496,14412,11139,25551
2015-01-08,557,615,1172,14821,11575,26396
2015-01-09,666,492,1158,9741,9137,18878
2015-01-12,473,360,833,10074,9275,19349
2015-01-13,646,340,986,10405,9476,19881
2015-01-14,1378,855,2233,11150,10149,21299
2015-01-15,1585,1836,3421,12121,11238,23359
2015-01-16,2054,1475,3529,13836,12151,25987
2015-01-20,836,555,1391,14110,12400,26510
2015-01-21,586,364,950,14496,12501,26997
2015-01-22,336,199,535,14765,12601,27366
2015-01-23,179,962,1141,14872,13250,28122
2015-01-26,275,616,891,14973,13651,28624
2015-01-27,389,657,1046,15236,13932,29168
2015-01-28,515,581,1096,15207,14317,29524
2015-01-29,584,1309,1893,15447,15056,30503
2015-01-30,453,249,702,15633,15127,30760
2015-02-02,263,1573,1836,15722,16169,31891
2015-02-03,1293,656,1949,16734,16404,33138
2015-02-04,468,213,681,16863,16409,33272
2015-02-05,305,270,575,16932,16325,33257
2015-02-06,190,214,404,12148,13009,25157
2015-02-09,67,673,740,12191,12954,25145
2015-02-10,41,554,595,12209,12810,25019
2015-02-11,79,40,119,12226,12834,25060
2015-02-12,39,296,335,12242,13010,25252
2015-02-13,1237,415,1652,13332,12931,26263
2015-02-17,300,798,1098,13543,13117,26660
2015-02-18,106,341,447,13588,13130,26718
2015-02-19,153,397,550,13662,13296,26958
2015-02-20,623,104,727,14024,13386,27410
2015-02-23,444,305,749,14239,13644,27883
2015-02-24,273,240,513,14318,13786,28104
2015-02-25,133,167,300,14400,13930,28330
2015-02-26,367,801,1168,14581,14238,28819
2015-02-27,550,555,1105,14765,14549,29314
2015-03-02,194,203,397,14927,14665,29592
2015-03-03,209,428,637,14981,14949,29930
2015-03-04,661,712,1373,15135,14927,30062
2015-03-05,766,573,1339,15474,15024,30498
2015-03-06,517,472,989,7370,6988,14358
2015-03-09,46,144,190,7411,7123,14534
2015-03-10,319,287,606,7598,7208,14806
2015-03-11,870,1225,2095,7909,7469,15378
2015-03-12,235,773,1008,7940,8057,15997
2015-03-13,291,470,761,8229,8220,16449
2015-03-16,205,154,359,8395,8227,16622
2015-03-17,177,123,300,8554,8271,16825
2015-03-18,161,509,670,8651,8520,17171
2015-03-19,487,109,596,8996,8574,17570
2015-03-20,184,341,525,9073,8764,17837
2015-03-23,309,501,810,9223,9077,18300
2015-03-24,480,246,726,9396,9148,18544
2015-03-25,296,31,327,9508,9160,18668
2015-03-26,134,91,225,9550,9185,18735
2015-03-27,94,393,487,9603,9545,19148
2015-03-30,279,369,648,9742,9842,19584
2015-03-31,75,114,189,9744,9852,19596
2015-04-01,231,84,315,9833,9893,19726
2015-04-02,338,235,573,7501,7776,15277
2015-04-03,10,126,136,7506,7902,15408
2015-04-06,357,73,430,7603,7964,15567
2015-04-07,78,177,255,7636,8067,15703
2015-04-08,38,53,91,7664,8060,15724
2015-04-09,779,719,1498,7977,8423,16400
2015-04-10,244,451,695,8008,8870,16878
2015-04-13,70,22,92,8032,8875,16907
2015-04-14,50,6,56,8055,8874,16929
2015-04-15,66,40,106,8109,8898,17007
2015-04-16,210,81,291,8220,8963,17183
2015-04-17,103,175,278,8281,8945,17226
2015-04-20,51,14,65,8314,8952,17266
2015-04-21,49,52,101,8321,8999,17320
2015-04-22,99,162,261,8309,9038,17347
2015-04-23,119,92,211,8263,9057,17320
2015-04-24,39,27,66,8281,9063,17344
2015-04-27,310,69,379,8364,9110,17474
2015-04-28,88,258,346,8390,9298,17688
2015-04-29,113,150,263,8448,9261,17709
2015-04-30,377,144,521,8750,9325,18075
2015-05-01,336,570,906,9030,9490,18520
2015-05-04,19,96,115,9032,9521,18553
2015-05-05,75,132,207,9044,9626,18670
2015-05-06,346,337,683,9147,9845,18992
2015-05-07,262,128,390,9322,9884,19206
2015-05-08,36,35,71,7435,8334,15769
2015-05-11,67,64,131,7459,8375,15834
2015-05-12,37,23,60,7477,8382,15859
2015-05-13,192,105,297,7496,8377,15873
2015-05-14,191,238,429,7604,8583,16187
2015-05-15,34,149,183,7613,8638,16251
2015-05-18,57,77,134,7626,8701,16327
2015-05-19,113,286,399,7653,8804,16457
2015-05-20,35,92,127,7682,8865,16547
2015-05-21,9,51,60,7687,8869,16556
2015-05-22,70,79,149,7712,8860,16572
2015-05-26,26,375,401,7733,8815,16548
2015-05-27,295,436,731,7653,8806,16459
2015-05-28,17,353,370,7664,8872,16536
2015-05-29,165,74,239,7660,8929,16589
2015-06-01,10,38,48,7659,8943,16602
2015-06-02,110,71,181,7673,9000,16673
2015-06-03,60,102,162,7644,9090,16734
2015-06-04,156,279,435,7675,9137,16812
2015-06-05,230,398,628,2356,3610,5966
2015-06-08,155,1,156,2503,3610,6113
2015-06-09,11,53,64,2514,3653,6167
2015-06-10,65,17,82,2503,3670,6173
2015-06-11,82,214,296,2560,3842,6402
2015-06-12,43,28,71,2570,3860,6430
2015-06-15,105,72,177,2674,3891,6565
2015-06-16,1,2,3,2675,3893,6568
2015-06-17,80,47,127,2746,3872,6618
2015-06-18,42,94,136,2784,3915,6699
2015-06-19,502,71,573,3006,3951,6957
2015-06-22,10,17,27,2996,3966,6962
2015-06-23,331,89,420,3109,3973,7082
2015-06-24,138,19,157,3154,3961,7115
2015-06-25,115,18,133,3216,3973,7189
2015-06-26,60,88,148,3211,4047,7258
2015-06-29,78,78,156,3282,4094,7376
2015-06-30,60,132,192,3305,4054,7359
2015-07-01,409,211,620,3671,4206,7877
2015-07-02,181,341,522,2547,3330,5877
2015-07-06,241,41,282,2762,3371,6133
2015-07-07,58,15,73,2811,3384,6195
2015-07-08,4,6,10,2814,3390,6204
2015-07-09,85,18,103,2850,3406,6256
2015-07-10,77,201,278,2878,3574,6452
2015-07-13,59,25,84,2928,3590,6518
2015-07-14,25,2,27,2940,3592,6532
2015-07-15,67,35,102,2974,3615,6589
2015-07-16,163,120,283,3108,3604,6712
2015-07-17,630,13,643,3652,3606,7258
2015-07-20,139,95,234,3752,3641,7393
2015-07-21,240,87,327,3976,3710,7686
2015-07-22,390,33,423,4305,3737,8042
2015-07-23,64,73,137,4309,3797,8106
2015-07-24,27,38,65,4327,3774,8101
2015-07-27,65,147,212,4327,3872,8199
2015-07-28,544,74,618,4856,3883,8739
2015-07-29,51,482,533,4901,4333,9234
2015-07-30,286,276,562,5161,4549,9710
2015-07-31,338,245,583,5486,4730,10216
2015-08-03,33,120,153,5518,4752,10270
2015-08-04,120,208,328,5626,4841,10467
2015-08-05,263,237,500,5742,4965,10707
2015-08-06,278,70,348,5958,4946,10904
2015-08-07,44,46,90,4676,4261,8937
2015-08-10,162,45,207,4777,4306,9083
2015-08-11,25,31,56,4796,4306,9102
2015-08-12,42,438,480,4825,4465,9290
2015-08-13,51,4,55,4859,4465,9324
2015-08-14,70,110,180,4862,4522,9384
2015-08-17,12,49,61,4874,4557,9431
2015-08-18,6,8,14,4874,4565,9439
2015-08-19,80,458,538,4909,4518,9427
2015-08-20,180,70,250,5012,4550,9562
2015-08-21,199,140,339,5087,4576,9663
2015-08-24,53,93,146,5067,4583,9650
2015-08-25,344,53,397,5269,4585,9854
2015-08-26,420,100,520,5685,4594,10279
2015-08-27,63,87,150,5722,4602,10324
2015-08-28,160,12,172,5748,4602,10350
2015-08-31,129,104,233,5799,4609,10408
2015-09-01,30,49,79,5813,4646,10459
2015-09-02,171,61,232,5961,4685,10646
2015-09-03,291,160,451,6150,4715,10865
2015-09-04,260,49,309,3033,2142,5175
2015-09-08,57,45,102,3080,2186,5266
2015-09-09,87,136,223,3161,2318,5479
2015-09-10,246,75,321,3405,2364,5769
2015-09-11,3,25,28,3407,2380,5787
2015-09-14,11,0,11,3418,2379,5797
2015-09-15,127,112,239,3435,2380,5815
2015-09-16,36,160,196,3454,2534,5988
2015-09-17,97,40,137,3512,2534,6046
2015-09-18,110,69,179,3581,2545,6126
2015-09-21,116,941,1057,3643,3140,6783
2015-09-22,480,70,550,4022,3198,7220
2015-09-23,41,26,67,4059,3195,7254
2015-09-24,73,38,111,4046,3221,7267
2015-09-25,50,24,74,4086,3231,7317
2015-09-28,220,46,266,3988,3226,7214
2015-09-29,215,190,405,4106,3324,7430
2015-09-30,90,3,93,4159,3325,7484
2015-10-01,73,9,82,4209,3328,7537
2015-10-02,476,114,590,4642,3389,8031
2015-10-05,22,1,23,4657,3389,8046
2015-10-06,37,37,74,4692,3424,8116
2015-10-07,23,169,192,4674,3405,8079
2015-10-08,32,25,57,4648,3425,8073
2015-10-09,134,195,329,2752,2193,4945
2015-10-12,16,15,31,2764,2199,4963
2015-10-13,195,505,700,2932,2691,5623
2015-10-14,115,268,383,2996,2950,5946
2015-10-15,137,76,213,3039,3014,6053
2015-10-16,2,422,424,3039,3395,6434
2015-10-19,0,401,401,3039,3796,6835
2015-10-20,72,123,195,3049,3917,6966
2015-10-21,140,179,319,3086,3947,7033
2015-10-22,905,263,1168,3595,4068,7663
2015-10-23,353,897,1250,3765,4897,8662
2015-10-26,304,213,517,3972,4977,8949
2015-10-27,287,181,468,4211,5149,9360
2015-10-28,804,372,1176,4619,5373,9992
2015-10-29,590,320,910,5003,5535,10538
2015-10-30,316,1036,1352,5258,6539,11797
2015-11-02,269,84,353,5463,6589,12052
2015-11-03,597,5461,6058,5727,10751,16478
2015-11-04,148,1317,1465,5714,11896,17610
2015-11-05,340,184,524,5975,11977,17952
2015-11-06,144,307,451,4744,11446,16190
2015-11-09,851,550,1401,5310,11829,17139
2015-11-10,53,486,539,5347,12275,17622
2015-11-11,131,496,627,5317,12752,18069
2015-11-12,497,331,828,5728,13002,18730
2015-11-13,270,974,1244,5855,13852,19707
2015-11-16,492,243,735,5922,13804,19726
2015-11-17,418,536,954,6185,14041,20226
2015-11-18,21,532,553,6127,14322,20449
2015-11-19,690,865,1555,6460,14653,21113
2015-11-20,124,47,171,6528,14663,21191
2015-11-23,255,121,376,6712,14694,21406
2015-11-24,507,432,939,7211,14899,22110
2015-11-25,536,243,779,7303,14986,22289
2015-11-27,76,216,292,7373,15169,22542
2015-11-30,235,308,543,7511,15308,22819
2015-12-01,189,223,412,7542,15366,22908
2015-12-02,210,227,437,7548,15482,23030
2015-12-03,152,1506,1658,7584,16156,23740
2015-12-04,121,224,345,3425,11590,15015
2015-12-07,82,82,164,3434,11645,15079
2015-12-08,207,419,626,3599,11930,15529
2015-12-09,342,533,875,3926,12437,16363
2015-12-10,106,92,198,4012,12463,16475
2015-12-11,30,129,159,4007,12363,16370
2015-12-14,253,62,315,3773,12412,16185
2015-12-15,85,91,176,3788,12442,16230
2015-12-16,21,14,35,3797,12446,16243
2015-12-17,54,545,599,3792,12896,16688
2015-12-18,84,53,137,3713,12871,16584
2015-12-21,126,544,670,3633,13017,16650
2015-12-22,1,2,3,3632,13018,16650
2015-12-23,1,3,4,3633,13018,16651
2015-12-24,0,7,7,3633,13022,16655
2015-12-28,67,20,87,3619,13005,16624
2015-12-29,26,138,164,3625,13045,16670
2015-12-30,33,64,97,3647,13078,16725
2015-12-31,35,72,107,3654,13078,16732
2016-01-04,141,57,198,3775,13123,16898
2016-01-05,190,323,513,3865,13292,17157
2016-01-06,823,144,967,4581,13357,17938
2016-01-07,188,113,301,4722,13417,18139
2016-01-08,104,132,236,3379,10977,14356
2016-01-11,322,106,428,3684,10941,14625
2016-01-12,224,7,231,3853,10937,14790
2016-01-13,106,576,682,3938,11496,15434
2016-01-14,216,252,468,4154,11637,15791
2016-01-15,263,17,280,4353,11634,15987
2016-01-19,24,2,26,4362,11633,15995
2016-01-20,43,57,100,4366,11690,16056
2016-01-21,162,302,464,4496,11889,16385
2016-01-22,48,833,881,4518,12649,17167
2016-01-25,213,315,528,4693,12851,17544
2016-01-26,60,56,116,4751,12906,17657
2016-01-27,255,600,855,4985,13005,17990
2016-01-28,222,9,231,5207,13014,18221
2016-01-29,163,174,337,5329,12993,18322
2016-02-01,215,18,233,5483,12998,18481
2016-02-02,46,21,67,5486,12986,18472
2016-02-03,503,146,649,5813,13088,18901
2016-02-04,113,222,335,5867,13155,19022
2016-02-05,111,237,348,5261,12388,17649
2016-02-08,724,190,914,5602,12565,18167
2016-02-09,790,325,1115,5861,12814,18675
2016-02-10,471,532,1003,5877,13135,19012
2016-02-11,351,9,360,6173,13141,19314
2016-02-12,40,21,61,6172,13129,19301
2016-02-16,164,104,268,6257,13243,19500
2016-02-17,146,7,153,6272,13117,19389
2016-02-18,58,66,124,6295,13132,19427
2016-02-19,150,1,151,6445,13133,19578
2016-02-22,105,18,123,6500,13131,19631
2016-02-23,367,62,429,6815,13176,19991
2016-02-24,230,276,506,7012,13386,20398
2016-02-25,1,52,53,7012,13426,20438
2016-02-26,28,200,228,7007,13626,20633
2016-02-29,5,30,35,7009,13642,20651
2016-03-01,43,8,51,7009,13648,20657
2016-03-02,7,12,19,7011,13645,20656
2016-03-03,35,62,97,6996,13700,20696
2016-03-04,115,5,120,4429,3717,8146
2016-03-07,239,63,302,4645,3779,8424
2016-03-08,58,17,75,4676,3784,8460
2016-03-09,333,106,439,4925,3888,8813
2016-03-10,214,124,338,4904,4011,8915
2016-03-11,36,119,155,4936,4128,9064
2016-03-14,107,230,337,4982,4353,9335
2016-03-15,0,36,36,4982,4389,9371
2016-03-16,13,39,52,4983,4396,9379
2016-03-17,80,178,258,5001,4442,9443
2016-03-18,6,1,7,5002,4443,9445
2016-03-21,295,129,424,5207,4567,9774
2016-03-22,175,97,272,5303,4657,9960
2016-03-23,1,38,39,5303,4690,9993
2016-03-24,60,2,62,5303,4688,9991
2016-03-28,0,0,0,5303,4688,9991
2016-03-29,10,193,203,5311,4880,10191
2016-03-30,343,210,553,5556,5049,10605
2016-03-31,21,104,125,5553,5151,10704
2016-04-01,36,28,64,5583,5178,10761
2016-04-04,10,14,24,5578,5183,10761
2016-04-05,25,42,67,5598,5180,10778
2016-04-06,243,258,501,5714,5284,10998
2016-04-07,31,35,66,5698,5319,11017
2016-04-08,305,91,396,4132,4205,8337
2016-04-11,80,33,113,4201,4238,8439
2016-04-12,157,148,305,4358,4379,8737
2016-04-13,30,238,268,4388,4583,8971
2016-04-14,10,4,14,4398,4581,8979
2016-04-15,57,27,84,4445,4596,9041
2016-04-18,92,0,92,4365,4596,8961
2016-04-19,42,161,203,4373,4607,8980
2016-04-20,52,41,93,4405,4622,9027
2016-04-21,317,333,650,4605,4775,9380
2016-04-22,96,60,156,4696,4800,9496
2016-04-25,18,0,18,4711,4800,9511
2016-04-26,110,172,282,4661,4906,9567
2016-04-27,318,132,450,4628,4962,9590
2016-04-28,24,859,883,4630,4920,9550
2016-04-29,216,177,393,4729,5074,9803
2016-05-02,38,389,427,4705,5239,9944
2016-05-03,452,317,769,5007,5554,10561
2016-05-04,19,293,312,5003,5809,10812
2016-05-05,204,423,627,5037,6114,11151
2016-05-06,207,131,338,4277,5668,9945
2016-05-09,118,82,200,4320,5747,10067
2016-05-10,244,360,604,4356,5527,9883
2016-05-11,92,0,92,4446,5527,9973
2016-05-12,32,23,55,4462,5529,9991
2016-05-13,16,89,105,4463,5618,10081
2016-05-16,2,98,100,4463,5685,10148
2016-05-17,20,271,291,4483,5820,10303
2016-05-18,329,268,597,4808,6082,10890
2016-05-19,8,57,65,4816,6127,10943
2016-05-20,137,71,208,4824,6107,10931
2016-05-23,29,247,276,4853,6329,11182
2016-05-24,87,126,213,4938,6455,11393
2016-05-25,173,63,236,5111,6498,11609
2016-05-26,60,28,88,5135,6525,11660
2016-05-27,96,110,206,5220,6603,11823
2016-05-31,6,12,18,5226,6604,11830
2016-06-01,8,1,9,5230,6603,11833
2016-06-02,34,30,64,5244,6608,11852
2016-06-03,98,144,242,2244,4146,6390
2016-06-06,244,38,282,2390,4173,6563
2016-06-07,42,0,42,2432,4173,6605
2016-06-08,96,34,130,2493,4207,6700
2016-06-09,23,167,190,2513,4321,6834
2016-06-10,65,234,299,2578,4524,7102
2016-06-13,148,89,237,2690,4547,7237
2016-06-14,80,17,97,2770,4550,7320
2016-06-15,2,170,172,2772,4572,7344
2016-06-16,204,85,289,2827,4566,7393
2016-06-17,70,172,242,2892,4667,7559
2016-06-20,6,21,27,2898,4676,7574
2016-06-21,164,117,281,3062,4656,7718
2016-06-22,13,63,76,3075,4696,7771
2016-06-23,352,5,357,2949,4691,7640
2016-06-24,80,94,174,3008,4717,7725
2016-06-27,63,40,103,3070,4716,7786
2016-06-28,145,360,505,3153,4820,7973
2016-06-29,173,115,288,3286,4857,8143
2016-06-30,185,95,280,3427,4929,8356
2016-07-01,171,85,256,3514,4987,8501
2016-07-05,142,176,318,3583,5146,8729
2016-07-06,71,1,72,3624,5145,8769
2016-07-07,338,117,455,3908,5250,9158
2016-07-08,55,20,75,2452,3357,5809
2016-07-11,99,367,466,2538,3704,6242
2016-07-12,139,48,187,2662,3734,6396
2016-07-13,177,15,192,2744,3729,6473
2016-07-14,2,45,47,2745,3771,6516
2016-07-15,32,6,38,2777,3776,6553
2016-07-18,5,16,21,2782,3777,6559
2016-07-19,195,62,257,2923,3766,6689
2016-07-20,37,111,148,2953,3865,6818
2016-07-21,1,25,26,2954,3875,6829
2016-07-22,64,154,218,3003,3940,6943
2016-07-25,20,1706,1726,3023,5341,8364
2016-07-26,270,129,399,3174,5449,8623
2016-07-27,18,59,77,3179,5478,8657
2016-07-28,46,167,213,3224,5623,8847
2016-07-29,150,230,380,3286,5632,8918
2016-08-01,44,38,82,3320,5670,8990
2016-08-02,89,72,161,3360,5742,9102
2016-08-03,25,31,56,3381,5757,9138
2016-08-04,20,2,22,3361,5757,9118
2016-08-05,164,83,247,2608,3422,6030
2016-08-08,10,0,10,2618,3422,6040
2016-08-09,30,52,82,2638,3400,6038
2016-08-10,85,33,118,2693,3427,6120
2016-08-11,95,0,95,2679,3427,6106
2016-08-12,21,16,37,2700,3436,6136
2016-08-15,23,0,23,2723,3436,6159
2016-08-16,204,106,310,2748,3486,6234
2016-08-17,22,92,114,2769,3536,6305
2016-08-18,36,63,99,2784,3592,6376
2016-08-19,56,47,103,2840,3555,6395
2016-08-22,227,33,260,2964,3582,6546
2016-08-23,1,1,2,2963,3583,6546
2016-08-24,76,178,254,3039,3731,6770
2016-08-25,76,163,239,3043,3834,6877
2016-08-26,112,96,208,3066,3836,6902
2016-08-29,47,359,406,3058,4012,7070
2016-08-30,277,11,288,3210,4021,7231
2016-08-31,140,137,277,3180,4140,7320
2016-09-01,434,88,522,3541,4173,7714
2016-09-02,107,59,166,3646,4209,7855
2016-09-06,163,249,412,3655,4097,7752
2016-09-07,209,150,359,3833,4024,7857
2016-09-08,6,112,118,3839,4096,7935
2016-09-09,93,145,238,2489,2001,4490
2016-09-12,144,1,145,2559,2001,4560
2016-09-13,156,273,429,2693,2131,4824
2016-09-14,231,34,265,2805,2132,4937
2016-09-15,93,270,363,2863,2367,5230
2016-09-16,56,135,191,2900,2501,5401
2016-09-19,35,1,36,2874,2502,5376
2016-09-20,25,0,25,2849,2502,5351
2016-09-21,1,114,115,2850,2527,5377
2016-09-22,0,41,41,2850,2568,5418
2016-09-23,27,8,35,2858,2572,5430
2016-09-26,308,2,310,3017,2574,5591
2016-09-27,20,25,45,3037,2598,5635
2016-09-28,30,193,223,3066,2627,5693
2016-09-29,142,126,268,3091,2633,5724
2016-09-30,26,134,160,3110,2671,5781
2016-10-03,224,35,259,3162,2698,5860
2016-10-04,56,43,99,3214,2735,5949
2016-10-05,1,22,23,3213,2756,5969
2016-10-06,38,35,73,3248,2749,5997
2016-10-07,13,37,50,2046,1656,3702
2016-10-10,214,292,506,2211,1932,4143
2016-10-11,25,270,295,2211,2173,4384
2016-10-12,1,15,16,2211,2183,4394
2016-10-13,77,65,142,2287,2248,4535
2016-10-14,12,1,13,2298,2248,4546
2016-10-17,152,150,302,2194,2098,4292
2016-10-18,45,2,47,2239,2099,4338
2016-10-19,0,160,160,2239,2259,4498
2016-10-20,377,78,455,2347,2321,4668
2016-10-21,104,103,207,2317,2408,4725
2016-10-24,21,13,34,2338,2417,4755
2016-10-25,161,472,633,2476,2857,5333
2016-10-26,166,229,395,2642,3022,5664
2016-10-27,14,9,23,2656,3020,5676
2016-10-28,253,116,369,2878,3050,5928
2016-10-31,7,2,9,2885,3052,5937
2016-11-01,413,211,624,3281,3134,6415
2016-11-02,321,110,431,3352,3124,6476
2016-11-03,659,69,728,3838,3109,6947
2016-11-04,5,35,40,3106,2724,5830
2016-11-07,96,116,212,3171,2749,5920
2016-11-08,35,38,73,3188,2776,5964
2016-11-09,132,196,328,3197,2844,6041
2016-11-10,92,84,176,3257,2886,6143
2016-11-11,95,262,357,3289,3146,6435
2016-11-14,50,602,652,3282,3603,6885
2016-11-15,166,462,628,3342,3840,7182
2016-11-16,25,177,202,3325,3834,7159
2016-11-17,99,200,299,3416,3970,7386
2016-11-18,111,45,156,3506,3977,7483
2016-11-21,213,590,803,3643,4184,7827
2016-11-22,10,81,91,3650,4205,7855
2016-11-23,291,177,468,3790,4187,7977
2016-11-25,21,63,84,3810,4199,8009
2016-11-28,0,155,155,3810,4214,8024
2016-11-29,60,31,91,3794,4189,7983
2016-11-30,125,38,163,3722,4154,7876
2016-12-01,9,4,13,3730,4152,7882
2016-12-02,3,174,177,3730,4182,7912
2016-12-05,161,36,197,3788,4147,7935
2016-12-06,30,93,123,3818,4178,7996
2016-12-07,30,3,33,3843,4177,8020
2016-12-08,13,182,195,3844,4302,8146
2016-12-09,208,102,310,1220,1560,2780
2016-12-12,135,59,194,1348,1581,2929
2016-12-13,88,0,88,1432,1581,3013
2016-12-14,142,271,413,1521,1482,3003
2016-12-15,197,6,203,1535,1480,3015
2016-12-16,63,0,63,1508,1480,2988
2016-12-19,187,30,217,1507,1500,3007
2016-12-20,10,51,61,1517,1551,3068
2016-12-21,33,15,48,1547,1566,3113
2016-12-22,2,0,2,1549,1566,3115
2016-12-23,30,0,30,1549,1566,3115
2016-12-27,12,55,67,1548,1621,3169
2016-12-28,1,2,3,1549,1623,3172
2016-12-29,38,6,44,1586,1622,3208
2016-12-30,1,1,2,1585,1621,3206
2017-01-03,1,4,5,1584,1625,3209
2017-01-04,17,176,193,1585,1593,3178
2017-01-05,71,1,72,1616,1593,3209
2017-01-06,3,0,3,1617,1593,3210
2017-01-09,6,1,7,1615,1593,3208
2017-01-10,4,3,7,1618,1596,3214
2017-01-11,1,6,7,1619,1594,3213
2017-01-12,59,23,82,1621,1596,3217
2017-01-13,1,3,4,1621,1599,3220
2017-01-17,13,15,28,1628,1604,3232
2017-01-18,54,1,55,1677,1605,3282
2017-01-19,27,27,54,1693,1625,3318
2017-01-20,4,6,10,1697,1624,3321
2017-01-23,0,9,9,1697,1624,3321
2017-01-24,50,43,93,1724,1658,3382
2017-01-25,1,19,20,1724,1675,3399
2017-01-26,0,14,14,1724,1674,3398
2017-01-27,2,11,13,1726,1674,3400
2017-01-30,524,4,528,2222,1676,3898
2017-01-31,70,28,98,2207,1679,3886
2017-02-01,126,1,127,0,0,0
2017-02-02,5,5,10,2279,1683,3962
2017-02-03,6,5,11,2285,1681,3966
2017-02-06,234,3,237,2390,1682,4072
2017-02-07,39,25,64,2403,1707,4110
2017-02-08,170,1,171,2508,1706,4214
2017-02-09,87,26,113,2540,1731,4271
2017-02-10,10,17,27,2548,1732,4280
2017-02-13,14,23,37,2550,1732,4282
2017-02-14,47,17,64,2596,1748,4344
2017-02-15,48,0,48,2612,1748,4360
2017-02-16,3,46,49,2614,1785,4399
2017-02-17,111,4,115,2646,1787,4433
2017-02-21,102,117,219,2675,1901,4576
2017-02-22,104,47,151,2693,1904,4597
2017-02-23,111,25,136,2756,1913,4669
2017-02-24,25,25,50,2781,1938,4719
2017-02-27,1,75,76,2781,1966,4747
2017-02-28,1,100,101,2782,2042,4824
2017-03-01,23,24,47,2801,2050,4851
2017-03-02,101,7,108,2774,2056,4830
2017-03-03,6,1,7,1393,707,2100
2017-03-06,0,0,0,1393,707,2100
2017-03-07,0,0,0,1393,707,2100
2017-03-08,0,0,0,1393,707,2100
2017-03-09,5,0,5,1398,707,2105
2017-03-10,0,4,4,1398,711,2109
2017-03-13,1,3,4,1398,710,2108
2017-03-14,5,0,5,1398,710,2108
2017-03-15,3,0,3,1397,710,2107
2017-03-16,95,0,95,1398,710,2108
2017-03-17,4,3,7,1399,713,2112
2017-03-20,52,50,102,1422,763,2185
2017-03-21,2,0,2,1422,763,2185
2017-03-22,101,1,102,1422,763,2185
2017-03-23,60,0,60,1451,763,2214
2017-03-24,0,0,0,1451,763,2214
2017-03-27,1,1,2,1452,763,2215
2017-03-28,1,0,1,1453,763,2216
2017-03-29,2,2,4,1454,765,2219
2017-03-30,0,0,0,1454,765,2219
2017-03-31,10,1,11,1464,766,2230
2017-04-03,2,1,3,1463,765,2228
2017-04-04,0,0,0,1463,765,2228
2017-04-05,16,0,16,1463,765,2228
2017-04-06,22,3,25,1442,767,2209
2017-04-07,1,2,3,1441,767,2208
2017-04-10,0,2,2,1441,767,2208
2017-04-11,1,0,1,1442,767,2209
2017-04-12,16,2,18,1458,769,2227
2017-04-13,1,3,4,1457,768,2225
2017-04-17,88,32,120,1482,798,2280
2017-04-18,65,52,117,1442,750,2192
2017-04-19,85,0,85,1427,750,2177
2017-04-20,0,0,0,1427,750,2177
2017-04-21,0,10,10,1427,752,2179
2017-04-24,4,1,5,1430,753,2183
2017-04-25,0,17,17,1430,769,2199
2017-04-26,2,27,29,1428,790,2218
2017-04-27,0,6,6,1428,789,2217
2017-04-28,6,1,7,1431,790,2221
2017-05-01,0,28,28,1431,790,2221
2017-05-02,0,39,39,1431,828,2259
2017-05-03,0,0,0,1431,828,2259
2017-05-04,0,0,0,1431,828,2259
2017-05-05,53,16,69,1484,844,2328
2017-05-08,145,19,164,1470,861,2331
2017-05-09,27,38,65,1497,862,2359
2017-05-10,5,0,5,1501,862,2363
2017-05-11,22,1,23,1502,861,2363
2017-05-12,17,0,17,1507,861,2368
2017-05-15,17,19,36,1503,877,2380
2017-05-16,3,32,35,1505,909,2414
2017-05-17,33,40,73,1512,949,2461
2017-05-18,55,29,84,1508,942,2450
2017-05-19,0,16,16,1508,958,2466
2017-05-22,0,34,34,1508,989,2497
2017-05-23,7,8,15,1509,997,2506
2017-05-24,4,16,20,1509,1013,2522
2017-05-25,10,56,66,1501,981,2482
2017-05-26,23,30,53,1520,1011,2531
2017-05-30,0,20,20,1520,1011,2531
2017-05-31,142,178,320,1662,1189,2851
2017-06-01,19,0,19,1663,1189,2852
2017-06-02,141,23,164,1774,1208,2982
2017-06-05,1,0,1,1775,1208,2983
2017-06-06,1,56,57,1774,1208,2982
2017-06-07,1,0,1,1774,1208,2982
2017-06-08,0,0,0,1774,1208,2982
2017-06-09,115,26,141,0,0,0
2017-06-12,0,0,0,0,0,0
2017-06-13,4,5,9,852,723,1575
2017-06-14,45,4,49,887,727,1614
2017-06-15,0,8,8,887,730,1617
2017-06-16,0,0,0,887,730,1617
2017-06-19,0,111,111,887,841,1728
2017-06-20,0,0,0,887,841,1728
2017-06-21,70,450,520,957,1291,2248
2017-06-22,1,1,2,958,1292,2250
2017-06-23,3,2,5,958,1293,2251
2017-06-26,0,0,0,958,1293,2251
2017-06-27,8,1,9,950,1292,2242
2017-06-28,5,3,8,951,1293,2244
2017-06-29,9,0,9,954,1293,2247
2017-06-30,22,5,27,976,1298,2274
2017-07-03,47,27,74,1023,1325,2348
2017-07-05,26,262,288,1049,1587,2636
2017-07-06,0,200,200,1049,1787,2836
2017-07-07,31,30,61,902,1779,2681
2017-07-10,0,100,100,902,1879,2781
2017-07-11,1,9,10,903,1888,2791
2017-07-12,0,152,152,903,2038,2941
2017-07-13,16,106,122,919,2143,3062
2017-07-14,0,5,5,919,2148,3067
2017-07-17,0,0,0,919,2148,3067
2017-07-18,17,199,216,929,2298,3227
2017-07-19,0,229,229,929,2469,3398
2017-07-20,164,18,182,1093,2486,3579
2017-07-21,17,118,135,1096,2593,3689
2017-07-24,50,78,128,1096,2671,3767
2017-07-25,33,94,127,1097,2764,3861
2017-07-26,1,10,11,1098,2773,3871
2017-07-27,128,53,181,1220,2826,4046
2017-07-28,109,9,118,1329,2835,4164
2017-07-31,45,1,46,1373,2836,4209
2017-08-01,31,2,33,1404,2835,4239
2017-08-02,145,72,217,1539,2906,4445
2017-08-03,1,7,8,1539,2910,4449
2017-08-04,65,0,65,1228,2484,3712
2017-08-07,32,0,32,1245,2484,3729
2017-08-08,16,0,16,1261,2484,3745
2017-08-09,135,351,486,1379,2835,4214
2017-08-10,10,100,110,1389,2935,4324
2017-08-11,1,7,8,1389,2942,4331
2017-08-14,6,107,113,1394,2997,4391
2017-08-15,2,11,13,1395,3002,4397
2017-08-16,53,151,204,1386,3149,4535
2017-08-17,3,247,250,1388,3390,4778
2017-08-18,85,124,209,1429,3343,4772
2017-08-21,8,50,58,1428,3393,4821
2017-08-22,1,2,3,1429,3393,4822
2017-08-23,3,350,353,1431,3692,5123
2017-08-24,63,300,363,1492,3992,5484
2017-08-25,188,280,468,1640,4269,5909
2017-08-28,1,120,121,1641,4370,6011
2017-08-29,100,135,235,1602,4460,6062
2017-08-30,12,15,27,1603,4473,6076
2017-08-31,4,29,33,1606,4498,6104
2017-09-01,11,97,108,1607,4544,6151
2017-09-05,18,33,51,1622,4567,6189
2017-09-06,1,51,52,1622,4614,6236
2017-09-07,7,16,23,1624,4618,6242
2017-09-08,0,156,156,748,2416,3164
2017-09-11,9,234,243,751,2625,3376
2017-09-12,4,52,56,755,2677,3432
2017-09-13,0,281,281,755,2904,3659
2017-09-14,3,0,3,758,2904,3662
2017-09-15,5,354,359,757,3201,3958
2017-09-18,6,104,110,761,3305,4066
2017-09-19,0,8,8,761,3300,4061
2017-09-20,0,1,1,761,3299,4060
2017-09-21,160,231,391,911,3382,4293
2017-09-22,6,0,6,917,3381,4298
2017-09-25,7,1,8,923,3377,4300
2017-09-26,37,19,56,960,3384,4344
2017-09-27,139,25,164,986,3360,4346
2017-09-28,16,53,69,1002,3413,4415
2017-09-29,165,101,266,867,3513,4380
2017-10-02,44,154,198,887,3666,4553
2017-10-03,12,162,174,874,3698,4572
2017-10-04,22,52,74,885,3742,4627
2017-10-05,36,0,36,851,3735,4586
2017-10-06,0,8,8,641,3293,3934
2017-10-09,64,303,367,649,3546,4195
2017-10-10,1,890,891,648,4341,4989
2017-10-11,2,950,952,650,5141,5791
2017-10-12,2,353,355,652,5444,6096
2017-10-13,10,800,810,656,6044,6700
2017-10-16,0,3014,3014,656,8936,9592
2017-10-17,1,1901,1902,657,10787,11444
2017-10-18,17,903,920,674,11632,12306
2017-10-19,0,751,751,674,12381,13055
2017-10-20,0,0,0,674,12381,13055
2017-10-23,17,7,24,689,12387,13076
2017-10-24,5,1,6,692,12387,13079
2017-10-25,120,151,271,684,12487,13171
2017-10-26,206,256,462,890,12493,13383
2017-10-27,1,410,411,889,12878,13767
2017-10-30,17,6,23,878,12878,13756
2017-10-31,2,51,53,878,12929,13807
2017-11-01,3,7,10,879,12930,13809
2017-11-02,32,1,33,879,12931,13810
2017-11-03,31,0,31,811,12823,13634
2017-11-06,1,3,4,812,12826,13638
2017-11-07,300,200,500,1112,12826,13938
2017-11-08,4,0,4,1116,12826,13942
2017-11-09,154,52,206,1266,12874,14140
2017-11-10,142,462,604,1406,13074,14480
2017-11-13,0,16,16,1406,13074,14480
2017-11-14,6,25,31,1412,13097,14509
2017-11-15,0,3,3,1412,13095,14507
2017-11-16,0,0,0,1412,13095,14507
2017-11-17,1,2,3,1413,13097,14510
2017-11-20,2,0,2,1413,13097,14510
2017-11-21,17,333,350,1430,13414,14844
2017-11-22,6,281,287,1434,13689,15123
2017-11-24,0,0,0,1434,13689,15123
2017-11-27,2,6,8,1434,13687,15121
2017-11-28,5,5,10,1434,13690,15124
2017-11-29,1,52,53,1435,13642,15077
2017-11-30,1,152,153,1436,13634,15070
2017-12-01,2,2,4,1437,13634,15071
2017-12-04,37,21,58,1474,13639,15113
2017-12-05,30,0,30,1504,13639,15143
2017-12-06,6,150,156,1505,13489,14994
2017-12-07,17,812,829,1521,12689,14210
2017-12-08,5,9,14,116,624,740
2017-12-11,1,0,1,117,624,741
2017-12-12,2,13,15,119,624,743
2017-12-13,15,0,15,134,624,758
2017-12-14,1,0,1,135,624,759
2017-12-15,2,4,6,136,620,756
2017-12-18,0,0,0,136,620,756
2017-12-19,0,160,160,136,780,916
2017-12-20,0,2,2,136,780,916
2017-12-21,0,0,0,136,780,916
2017-12-22,0,0,0,136,780,916
2017-12-26,0,0,0,136,780,916
2017-12-27,0,0,0,136,780,916
2017-12-28,2,1,3,138,781,919
2017-12-29,6,0,6,141,781,922
2018-01-02,56,20,76,197,801,998
2018-01-03,136,20,156,333,819,1152
2018-01-04,1,1,2,334,820,1154
2018-01-05,0,35,35,250,461,711
2018-01-08,14,1,15,255,462,717
2018-01-09,1,602,603,254,1061,1315
2018-01-10,0,400,400,254,1461,1715
2018-01-11,2,150,152,254,1611,1865
2018-01-12,3,42,45,257,1652,1909
2018-01-16,109,116,225,364,1766,2130
2018-01-17,1,26,27,364,1792,2156
2018-01-18,7,132,139,371,1924,2295
2018-01-19,0,10,10,371,1929,2300
2018-01-22,0,41,41,371,1970,2341
2018-01-23,1,0,1,372,1970,2342
2018-01-24,23,137,160,392,2107,2499
2018-01-25,208,110,318,596,2216,2812
2018-01-26,6,35,41,602,2221,2823
2018-01-29,100,11,111,652,2232,2884
2018-01-30,212,5,217,593,2237,2830
2018-01-31,4,1,5,567,2238,2805
2018-02-01,41,84,125,588,2322,2910
2018-02-02,30,2,32,613,2324,2937
2018-02-05,21,7,28,627,2331,2958
2018-02-06,0,2,2,627,2332,2959
2018-02-07,1,20,21,628,2350,2978
2018-02-08,3,0,3,631,2350,2981
2018-02-09,14,0,14,603,1001,1604
2018-02-12,0,1,1,603,1002,1605
2018-02-13,10,11,21,613,1011,1624
2018-02-14,0,25,25,613,1033,1646
2018-02-15,1,11,12,614,1044,1658
2018-02-16,35,4,39,617,1046,1663
2018-02-20,34,6,40,651,1052,1703
2018-02-21,11,83,94,652,1009,1661
2018-02-22,1,10,11,652,1019,1671
2018-02-23,1,10,11,652,1028,1680
2018-02-26,24,3,27,676,1028,1704
2018-02-27,2,40,42,678,1027,1705
2018-02-28,1,421,422,679,1387,2066
2018-03-01,1,269,270,679,1419,2098
2018-03-02,1,26,27,680,1424,2104
2018-03-05,16,38,54,696,1404,2100
2018-03-06,0,0,0,696,1404,2100
2018-03-07,17,8,25,697,1410,2107
2018-03-08,2,72,74,699,1412,2111
2018-03-09,77,10,87,339,689,1028
2018-03-12,1,117,118,340,680,1020
2018-03-13,1,0,1,340,659,999
2018-03-14,0,0,0,340,659,999
2018-03-15,5,8,13,344,666,1010
2018-03-16,1,3,4,345,669,1014
2018-03-19,3,8,11,347,675,1022
2018-03-20,0,1,1,347,676,1023
2018-03-21,2,3,5,347,678,1025
2018-03-22,0,51,51,347,729,1076
2018-03-23,2,0,2,346,729,1075
2018-03-26,0,0,0,346,729,1075
2018-03-27,0,0,0,346,729,1075
2018-03-28,5,100,105,349,829,1178
2018-03-29,32,0,32,379,829,1208
2018-04-02,7,1,8,382,829,1211
2018-04-03,1,1,2,381,830,1211
2018-04-04,4,300,304,384,1130,1514
2018-04-05,30,208,238,410,1330,1740
2018-04-06,4,100,104,386,1412,1798
2018-04-09,2,225,227,388,1637,2025
2018-04-10,106,154,260,356,1791,2147
2018-04-11,2,106,108,358,1897,2255
2018-04-12,61,30,91,365,1901,2266
2018-04-13,62,3,65,427,1900,2327
2018-04-16,1,100,101,428,2000,2428
2018-04-17,0,2,2,428,2002,2430
2018-04-18,1,4,5,427,2006,2433
2018-04-19,25,3,28,452,2009,2461
2018-04-20,2,54,56,453,2063,2516
2018-04-23,111,490,601,560,2288,2848
2018-04-24,13,33,46,567,2321,2888
2018-04-25,4,7,11,571,2325,2896
2018-04-26,8,6,14,573,2322,2895
2018-04-27,33,53,86,599,2375,2974
2018-04-30,301,55,356,889,2429,3318
2018-05-01,11,253,264,893,2471,3364
2018-05-02,32,2,34,922,2473,3395
2018-05-03,49,13,62,908,2470,3378
2018-05-04,123,166,289,987,2333,3320
2018-05-07,5,6,11,990,2334,3324
2018-05-08,25,1,26,1013,2335,3348
2018-05-09,10,3,13,1021,2338,3359
2018-05-10,170,22,192,1007,2338,3345
2018-05-11,7,56,63,1007,2341,3348
2018-05-14,71,6,77,1077,2342,3419
2018-05-15,221,94,315,1198,2434,3632
2018-05-16,13,9,22,1193,2440,3633
2018-05-17,17,0,17,1209,2440,3649
2018-05-18,103,152,255,1308,2589,3897
2018-05-21,3,60,63,1311,2609,3920
2018-05-22,78,318,396,1380,2909,4289
2018-05-23,1,100,101,1381,3009,4390
2018-05-24,7,107,114,1383,3055,4438
2018-05-25,2,91,93,1382,3127,4509
2018-05-29,127,344,471,1495,3431,4926
2018-05-30,44,19,63,1539,3570,5109
2018-05-31,3,221,224,1542,3502,5044
2018-06-01,2,5,7,1544,3462,5006
2018-06-04,213,201,414,1754,3614,5368
2018-06-05,112,315,427,1816,3828,5644
2018-06-06,1,1,2,1817,3829,5646
2018-06-07,70,17,87,1800,3842,5642
2018-06-08,132,231,363,1187,3254,4441
2018-06-11,1,48,49,1186,3273,4459
2018-06-12,7,11,18,1186,3284,4470
2018-06-13,185,429,614,1367,3460,4827
2018-06-14,10,407,417,1370,3813,5183
2018-06-15,268,234,502,1626,3816,5442
2018-06-18,8,56,64,1633,3864,5497
2018-06-19,131,260,391,1756,3920,5676
2018-06-20,0,0,0,1756,3920,5676
2018-06-21,133,460,593,1632,4118,5750
2018-06-22,181,80,261,1707,4141,5848
2018-06-25,0,29,29,1684,4132,5816
2018-06-26,3,1,4,1686,4103,5789
2018-06-27,25,209,234,1709,4157,5866
2018-06-28,120,91,211,1824,4098,5922
2018-06-29,3,25,28,1826,4123,5949
2018-07-02,4,1,5,1830,4124,5954
2018-07-03,0,3,3,1830,4123,5953
2018-07-05,11,16,27,1837,4123,5960
2018-07-06,100,50,150,1066,3407,4473
2018-07-09,212,101,313,1278,3505,4783
2018-07-10,2,18,20,1279,3523,4802
2018-07-11,4,500,504,1279,3923,5202
2018-07-12,11,163,174,1290,4079,5369
2018-07-13,14,9,23,1294,4116,5410
2018-07-16,27,0,27,1296,4076,5372
2018-07-17,20,103,123,1310,4179,5489
2018-07-18,0,0,0,1310,4179,5489
2018-07-19,170,0,170,1419,4179,5598
2018-07-20,62,108,170,1431,4287,5718
2018-07-23,4,9,13,1431,4292,5723
2018-07-24,0,50,50,1431,4342,5773
2018-07-25,59,137,196,1485,4479,5964
2018-07-26,1,1,2,1485,4480,5965
2018-07-27,106,346,452,1483,4576,6059
2018-07-30,72,165,237,1547,4726,6273
2018-07-31,0,560,560,1547,5279,6826
2018-08-01,4,0,4,1551,5279,6830
2018-08-02,4,105,109,1549,5380,6929
2018-08-03,22,0,22,1128,5021,6149
2018-08-06,94,117,211,1177,5022,6199
2018-08-07,54,52,106,1129,5074,6203
2018-08-08,4,0,4,1127,5074,6201
2018-08-09,53,112,165,1180,5019,6199
2018-08-10,2,11,13,1180,5026,6206
2018-08-13,0,5,5,1180,5025,6205
2018-08-14,0,0,0,1180,5025,6205
2018-08-15,1,9,10,1180,5026,6206
2018-08-16,36,54,90,1216,5080,6296
2018-08-17,167,124,291,1129,5073,6202
2018-08-20,0,0,0,1129,5073,6202
2018-08-21,59,101,160,1142,5173,6315
2018-08-22,6,54,60,1144,5169,6313
2018-08-23,0,150,150,1144,5313,6457
2018-08-24,0,1,1,1144,5314,6458
2018-08-27,52,18,70,1195,5327,6522
2018-08-28,8,9,17,1197,5330,6527
2018-08-29,229,12,241,1378,5334,6712
